8.622427299999999661e+01
5.187986099999999823e+01
8.575068600000000174e+01
2.721909300000000087e+01
5.962727900000000147e+01
7.773057500000000175e+01
7.601542000000000243e+00
8.969479800000000580e+01
7.503978499999999485e+01
5.950950999999999880e+01
3.956703399999999959e+01
3.910685800000000256e+01
4.546615599999999802e+01
9.174840700000000027e+01
4.645575199999999683e+01
6.880240499999999315e+01
2.452866900000000072e+01
2.327599000000000018e+01
6.352653399999999806e+01
7.036044400000000110e+01
4.473984500000000253e+01
2.820883500000000055e+01
8.278602600000000677e+01
5.158503600000000233e+01
2.421770100000000170e+01
4.239070000000000249e+01
1.669062699999999921e+01
5.457695400000000063e+01
2.591865299999999905e+01
4.031783500000000231e+01
5.051554000000000144e+01
3.070304799999999901e+01
1.059164999999999957e+01
4.073864300000000327e+01
3.735649099999999834e+01
3.111114399999999947e+01
5.944003299999999967e+01
3.037261200000000017e+01
4.286339900000000114e+01
3.344878700000000293e+01
2.366496899999999926e+01
4.210540799999999706e+01
4.034100200000000314e+01
3.936445899999999654e+01
5.253153799999999762e+01
3.261441299999999899e+01
2.984826199999999830e+01
4.316146599999999722e+01
1.302956299999999956e+01
6.699273499999999615e+01
8.175118899999999655e+01
7.357164199999999710e+01
3.110113000000000127e+01
5.372228799999999893e+01
3.532356200000000257e+01
2.188901900000000111e+01
2.790287199999999856e+01
4.639216799999999807e+01
5.602783900000000017e+01
5.408345500000000072e+01
3.447321099999999916e+01
3.209549599999999714e+01
4.121054500000000331e+01
2.372746000000000066e+01
6.846464400000000694e+01
2.406513700000000000e+01
2.325617099999999837e+01
7.550221100000000263e+01
3.336704199999999787e+01
1.943166199999999932e+01
3.242640500000000259e+01
7.203539100000000417e+01
7.403005500000000438e+01
8.243823799999999835e+01
4.093705899999999787e+01
3.444460000000000122e+01
3.475543199999999899e+01
4.558418199999999842e+01
8.125526999999999589e+01
4.329893500000000017e+01
5.796294300000000277e+01
6.786477100000000462e+01
4.488084599999999824e+01
3.042895700000000048e+01
8.128100999999999132e+00
8.893546600000000524e+01
9.087471899999999891e+01
5.109270200000000273e+01
6.187030000000000030e+01
1.466021300000000060e+01
7.102944599999999298e+01
6.496699599999999464e+01
4.153529300000000291e+01
4.699156800000000089e+01
8.944426900000000558e+01
8.827372699999999384e+01
3.783648699999999820e+01
2.783939399999999864e+01
3.004914199999999980e+01
7.719919899999999302e+01
4.273192800000000346e+01
8.427889199999999903e+01
2.682158199999999937e+01
8.742437200000000530e+01
1.353703900000000004e+01
4.628376000000000090e+01
3.893481299999999834e+01
7.456452299999999411e+01
6.338827799999999968e+01
4.960580600000000118e+01
6.818312899999999388e+01
7.760801399999999717e+01
3.722995000000000232e+01
9.017118200000000172e+01
4.160296699999999959e+01
1.795497500000000102e+01
7.172164399999999773e+01
4.973642799999999653e+01
6.214500100000000060e+01
6.206544399999999939e+01
3.171588900000000066e+01
3.421096500000000162e+01
6.376852999999999838e+01
5.609864400000000018e+01
4.022005099999999800e+01
1.693618100000000126e+01
1.293906899999999993e+01
1.931427499999999853e+01
4.775535899999999856e+01
4.014358899999999863e+01
3.205140699999999754e+01
1.754436700000000116e+01
5.745914299999999741e+01
8.198624999999999829e+00
5.973238800000000026e+01
2.250161599999999851e+01
5.941434100000000029e+01
2.035776399999999953e+01
6.102177700000000016e+01
4.385910299999999751e+01
1.018652600000000064e+01
8.426435800000000143e+01
4.600460999999999956e+01
3.760694300000000112e+01
7.033747300000000280e+01
1.083448500000000081e+01
4.002705499999999716e+01
4.712091900000000066e+01
8.118379699999999843e+01
5.335759800000000297e+01
4.896184600000000131e+01
7.912507899999999950e+01
1.748138099999999895e+01
3.641655899999999946e+01
4.254370999999999725e+01
4.694751999999999725e+01
8.611620999999999526e+00
6.984029400000000010e+01
5.709871299999999650e+01
6.873118900000000053e+01
3.732456299999999771e+01
3.662787600000000054e+01
6.263858199999999954e+01
4.511476499999999845e+01
7.797298000000000684e+01
2.206890299999999883e+01
6.960521400000000369e+01
8.304523600000000272e+01
1.974055900000000108e+01
1.392379999999999995e+01
3.436114500000000049e+01
7.214406200000000524e+01
8.134419400000000167e+01
3.067841200000000157e+01
3.844082099999999969e+01
7.752608600000000649e+01
8.631359000000000492e+01
8.316846800000000428e+01
3.283867500000000206e+01
3.330547800000000080e+01
7.336272400000000005e+01
1.679891900000000149e+01
4.293615499999999940e+01
2.424944599999999895e+01
4.041550199999999649e+01
1.607532399999999839e+01
5.628796100000000280e+01
8.220708899999999630e+01
3.025679299999999827e+01
1.806342000000000070e+01
5.016115200000000129e+01
3.316633900000000068e+01
9.114488400000000468e+01
4.530549800000000005e+01
2.524658000000000158e+01
2.941431700000000049e+01
3.268086999999999875e+01
3.810873000000000133e+01
5.288232599999999906e+01
7.108977099999999893e+01
9.079025599999999940e+01
3.746255399999999725e+01
3.822239499999999879e+01
7.067731600000000469e+01
5.816598299999999711e+01
3.247934399999999755e+01
5.761056599999999861e+01
4.809758899999999926e+01
7.206643200000000604e+01
5.674574100000000243e+01
3.370579200000000242e+01
5.488669900000000013e+01
1.661135399999999862e+01
2.782762500000000117e+01
2.939047899999999913e+01
8.596948000000000434e+01
4.158842599999999834e+01
5.426206599999999725e+01
2.552762299999999840e+01
2.594259999999999877e+01
3.473998699999999928e+01
7.690233000000000096e+00
1.869260900000000092e+01
8.862797700000000134e+01
8.000753100000000018e+01
4.287348500000000229e+01
5.582262300000000010e+01
2.209448000000000079e+01
5.520544199999999790e+01
2.887423100000000176e+01
6.014322700000000310e+01
2.566502200000000045e+01
2.628472599999999915e+01
6.782117399999999918e+01
1.956075200000000081e+01
2.144870900000000091e+01
2.537868399999999980e+01
3.025268700000000166e+01
1.337561799999999934e+01
2.138607299999999967e+01
4.631460700000000230e+01
5.533554600000000079e+01
2.998625200000000035e+01
7.180203799999999603e+01
4.569206899999999649e+01
7.781617400000000373e+01
4.607826399999999722e+01
2.502930699999999931e+01
3.017615199999999831e+01
1.854474199999999939e+01
1.983937299999999837e+01
4.549943900000000241e+01
1.714541300000000135e+01
7.370355100000000448e+01
4.628595800000000082e+01
1.287604199999999999e+01
6.736623899999999310e+01
6.211703500000000133e+01
8.394558800000000076e+01
2.487969299999999961e+01
8.960263299999999731e+01
4.996166000000000196e+01
7.909787400000000446e+01
7.101642400000000066e+01
2.815590600000000165e+01
5.825565300000000235e+01
9.057854700000000037e+01
6.226214600000000132e+01
8.999187899999999729e+01
3.698311600000000254e+01
7.189938600000000690e+01
5.613583200000000062e+01
1.023047399999999918e+01
7.991364699999999743e+01
2.018028800000000089e+01
1.644116400000000056e+01
5.250193099999999902e+01
2.154835200000000128e+01
9.107901900000000239e+01
3.333823100000000039e+01
2.652097699999999847e+01
1.286466199999999915e+01
6.291750499999999846e+01
5.191735099999999647e+01
8.133862700000000245e+01
3.045759800000000084e+01
4.001561600000000141e+01
3.298043899999999695e+01
2.056769500000000050e+01
5.795083199999999835e+01
2.034483699999999828e+01
4.293804999999999694e+01
2.625006499999999932e+01
5.318619400000000041e+01
2.734090799999999888e+01
6.731682600000000605e+01
5.142691899999999805e+01
5.033082000000000278e+01
7.407409900000000391e+01
5.270441799999999688e+01
6.387744500000000158e+01
4.151574000000000098e+01
3.236593100000000334e+01
4.475940700000000305e+01
4.417403800000000302e+01
2.261658500000000060e+01
8.857739200000000324e+01
5.845773299999999750e+01
5.342226900000000001e+01
7.813769700000000284e+01
8.806913699999999778e+01
6.455267000000000621e+01
7.528919999999999391e+01
2.453223300000000151e+01
3.770595699999999795e+01
3.749200900000000303e+01
4.851223900000000100e+01
5.240299600000000169e+01
4.493972800000000234e+01
5.055835499999999882e+01
5.361006700000000080e+01
3.662454600000000227e+01
3.488582199999999744e+01
1.081172199999999961e+01
2.372917299999999940e+01
1.618061900000000009e+01
2.335685199999999995e+01
4.919340700000000055e+01
5.159472399999999936e+01
4.481639499999999998e+01
8.850979300000000194e+01
4.798476999999999748e+01
2.627466400000000135e+01
3.806737799999999794e+01
3.893678299999999837e+01
2.466966299999999990e+01
4.962066999999999695e+01
1.509592400000000012e+01
2.203815900000000028e+01
5.469555299999999676e+01
6.341694300000000339e+01
4.790391100000000080e+01
4.860913099999999787e+01
3.341993099999999828e+01
5.333884299999999712e+01
4.579712800000000072e+01
3.439293399999999679e+01
3.467495999999999867e+01
3.976314500000000152e+01
6.199672499999999786e+01
4.171633099999999672e+01
1.447511699999999912e+01
2.525636799999999837e+01
7.528158799999999928e+01
2.477309899999999843e+01
3.275670000000000215e+01
6.445606200000000285e+01
3.288206499999999721e+01
6.513790400000000602e+01
5.016496099999999814e+01
5.616034100000000251e+01
7.898722600000000682e+01
2.865524699999999925e+01
8.666078699999999913e+01
7.135962299999999914e+01
4.770156399999999763e+01
3.651303999999999661e+01
5.938524400000000014e+01
3.847270000000000323e+01
1.300026300000000035e+01
5.068279400000000123e+01
3.530507999999999669e+01
5.563865100000000297e+01
4.285287999999999897e+01
3.430088800000000049e+01
4.098105100000000078e+01
1.483861199999999947e+01
2.199003099999999833e+01
3.835134399999999744e+01
4.206060599999999994e+01
6.382366499999999832e+01
4.930168599999999657e+01
2.745712299999999928e+01
2.281149100000000018e+01
3.349403900000000078e+01
3.297317999999999927e+01
7.991793800000000658e+01
3.573376300000000327e+01
7.221945300000000145e+01
7.091723500000000513e+01
5.785282999999999731e+01
4.409107199999999693e+01
6.850315399999999499e+01
4.707915500000000009e+01
8.585538200000000586e+01
8.440446599999999933e+01
5.654554300000000211e+01
6.014014099999999985e+01
2.318283399999999972e+01
2.795918500000000151e+01
9.310125999999999635e+01
2.155242000000000147e+01
4.119581800000000271e+01
8.705186600000000396e+01
3.052354899999999915e+01
3.547821799999999826e+01
8.116276200000000074e+01
4.323424500000000137e+01
5.519307200000000080e+01
7.211776399999999398e+01
3.404474400000000145e+01
6.597275199999999984e+01
7.882045999999999886e+00
1.013481200000000015e+01
2.901459399999999889e+01
3.656302500000000322e+01
3.956146600000000291e+01
4.886065500000000128e+01
6.538283400000000256e+01
9.006758700000000317e+01
8.396568899999999758e+01
3.526476900000000114e+01
5.471337799999999874e+01
3.498224600000000351e+01
5.181367000000000189e+01
9.596841200000000072e+01
3.122082400000000035e+01
7.257632200000000466e+01
4.126147000000000276e+01
4.082620899999999864e+01
2.761202099999999859e+01
6.499256300000000408e+01
4.281451200000000057e+01
5.628225299999999720e+01
5.237561500000000336e+01
5.997776300000000305e+01
6.949095199999999295e+01
1.978247700000000009e+01
3.744387499999999847e+01
5.162186400000000219e+01
2.658857300000000023e+01
2.883251100000000022e+01
7.139570899999999654e+01
2.505953399999999931e+01
1.657528599999999841e+01
5.898850900000000053e+01
8.278399600000000191e+01
7.837377700000000402e+01
4.594133899999999926e+01
2.842947300000000155e+01
6.178838900000000223e+01
5.169012699999999683e+01
2.676912899999999951e+01
6.875811299999999449e+01
3.465391499999999780e+01
6.832665299999999320e+01
4.740204599999999857e+01
1.225038299999999936e+01
2.782430400000000148e+01
4.754526100000000355e+01
2.231488799999999983e+01
4.281294700000000120e+01
5.937111600000000067e+01
3.085347499999999954e+01
1.427320300000000053e+01
4.736641800000000302e+01
5.328557899999999847e+01
5.221424999999999983e+01
3.979440300000000263e+01
2.903201699999999974e+01
8.294761099999999487e+01
8.718095700000000647e+01
4.680201399999999978e+01
5.039200900000000161e+01
4.766542900000000316e+01
1.282739300000000071e+01
6.181401600000000229e+01
3.167364999999999853e+01
3.437242899999999679e+01
3.036392199999999875e+01
7.740805500000000450e+01
7.361632699999999829e+01
2.353653900000000121e+01
3.025561199999999928e+01
5.527056799999999726e+01
2.801716400000000107e+01
2.372708899999999943e+01
7.153525899999999638e+01
6.983411300000000210e+01
5.246465599999999796e+01
3.703747599999999807e+01
3.359351199999999693e+01
1.141752900000000004e+01
8.356470400000000609e+01
4.389544999999999675e+01
6.025240000000000151e+00
3.552998500000000348e+01
5.677869299999999697e+01
2.926103900000000024e+01
4.987911100000000175e+01
2.055865500000000168e+01
7.148975500000000238e+01
3.863404500000000041e+01
3.120294900000000027e+01
3.464053700000000191e+01
6.733984200000000442e+01
7.158963900000000535e+01
5.915145400000000109e+01
7.718611300000000597e+01
3.110440499999999986e+01
5.891303800000000024e+01
6.837264999999999304e+01
1.054069600000000051e+01
6.253523599999999760e+01
3.434054299999999671e+01
6.437669499999999800e+01
4.750395000000000323e+01
2.711354299999999995e+01
2.239574400000000054e+01
6.498912799999999379e+01
4.995487899999999826e+01
6.584090500000000645e+01
9.033878500000000145e+01
3.934633999999999787e+01
5.569317099999999954e+01
6.075433699999999959e+01
6.093098799999999926e+01
5.031983999999999568e+00
9.410823299999999847e+01
5.430889799999999923e+01
5.183692899999999781e+01
3.529792100000000232e+01
1.004468699999999970e+01
7.084365999999999985e+01
2.159579199999999943e+01
5.802883299999999878e+01
3.135823299999999847e+01
4.170438000000000045e+01
1.880878500000000031e+01
3.584816899999999862e+01
4.879616299999999995e+01
3.534674299999999647e+01
4.829217400000000282e+01
4.930507899999999921e+01
6.266270699999999749e+01
4.501386500000000268e+01
2.330291499999999871e+01
5.594742000000000104e+01
4.311146500000000259e+01
5.205806400000000167e+01
6.952129899999999907e+01
2.079745499999999936e+01
3.986726500000000328e+01
3.561506399999999672e+01
7.455811699999999576e+01
2.689974700000000141e+01
6.056106499999999926e+01
6.320569400000000115e+01
7.529759000000000313e+00
7.701029400000000180e+01
3.332009800000000155e+01
3.345725300000000146e+01
6.658722400000000619e+01
2.559253700000000009e+01
5.388354300000000308e+01
1.414128900000000044e+01
7.721813799999999617e+01
5.814163599999999832e+01
3.194102600000000081e+01
3.352745300000000128e+01
3.310523500000000041e+01
5.518287300000000073e+01
2.946903000000000006e+01
4.630555199999999871e+01
6.975970599999999422e+01
6.025764900000000068e+01
4.670911999999999864e+01
3.132895200000000102e+01
8.392556899999999587e+01
4.028690399999999983e+01
6.434139000000000408e+01
3.642702500000000043e+01
1.297104599999999941e+01
3.355542599999999709e+01
4.781488099999999974e+01
7.662302599999999586e+01
4.652082899999999910e+01
8.571854100000000187e+01
1.279154300000000077e+01
5.230090299999999814e+01
8.731558499999999867e+01
7.963108800000000542e+01
2.536536500000000061e+01
2.986027599999999893e+01
6.321091299999999791e+01
2.999599800000000016e+01
3.635592900000000327e+01
4.991319200000000222e+01
3.801100600000000185e+01
4.510193799999999698e+01
4.374286399999999730e+01
2.978086000000000055e+01
2.786283999999999850e+01
4.419509699999999697e+01
5.404543900000000178e+01
9.079394700000000284e+01
4.964172800000000052e+01
8.500059199999999748e+01
4.584001700000000312e+01
8.436669899999999700e+01
8.437107699999999966e+01
8.000993300000000374e+01
2.161117000000000132e+01
8.698456600000000094e+01
4.383614699999999686e+01
7.311905000000000143e+01
5.354848299999999739e+01
4.499416500000000241e+01
2.481165800000000132e+01
4.727450699999999983e+01
3.495411299999999954e+01
6.697280399999999645e+01
8.010452499999999532e+01
8.030277900000000102e+01
2.081571399999999983e+01
4.813649000000000200e+01
4.582820099999999996e+01
1.522896099999999997e+01
4.982131799999999799e+01
3.225219100000000338e+01
2.767472599999999971e+01
8.790727999999999653e+00
8.999268800000000113e+01
4.211627000000000010e+01
5.437111300000000114e+01
3.643980700000000184e+01
5.214482699999999937e+01
6.496886000000000649e+01
2.796448900000000037e+01
8.254837899999999706e+01
7.997527100000000644e+01
7.794360700000000008e+01
5.414818000000000353e+01
5.236704900000000151e+01
5.437824299999999766e+01
7.798605700000000240e+01
1.124162399999999984e+01
1.612546199999999885e+01
1.715330900000000014e+01
3.104475199999999901e+01
8.305234799999999495e+01
8.962241999999999820e+00
4.438594200000000001e+01
4.575289200000000278e+01
5.189277400000000284e+01
4.656952499999999873e+01
8.297470500000000015e+01
6.914672299999999439e+01
7.894920799999999872e+01
4.162155400000000327e+01
3.461666900000000169e+01
8.693599799999999789e+01
2.499387600000000020e+01
8.817528500000000236e+01
8.157405999999999935e+00
1.517129300000000036e+01
7.621203800000000683e+01
2.657325399999999860e+01
2.801492599999999911e+01
7.491639000000000692e+01
5.038537800000000288e+01
5.633799599999999685e+01
2.710428399999999982e+01
5.006552800000000047e+01
5.361093199999999825e+01
4.916438800000000242e+01
3.383986900000000020e+01
3.858615999999999957e+01
9.461172000000000537e+01
3.178045200000000037e+01
5.089006499999999988e+01
7.047411999999999921e+01
4.466460699999999662e+01
9.386925499999999545e+01
7.663971300000000042e+01
2.662183399999999978e+01
1.397190900000000013e+01
2.549186100000000010e+01
8.447865400000000591e+01
9.190564000000000178e+00
4.522137500000000188e+01
7.046669699999999636e+01
2.082429499999999933e+01
2.617438299999999884e+01
7.776459699999999486e+01
6.389903100000000080e+01
7.748654000000000508e+01
3.967206500000000347e+01
2.236099099999999851e+01
2.726592300000000080e+01
1.451943299999999937e+01
2.983930300000000102e+01
9.048420000000000130e+01
3.910215900000000033e+01
5.533394100000000293e+01
7.577685300000000268e+01
8.229665400000000375e+01
8.104668200000000411e+01
4.301993800000000334e+01
4.164909099999999853e+01
5.115862899999999769e+01
3.805780699999999683e+01
5.269455299999999909e+01
2.415195100000000039e+01
7.137857700000000705e+01
2.956002900000000011e+01
4.972606999999999999e+01
4.362195899999999682e+01
7.896468000000000131e+01
4.673197700000000054e+01
4.328159099999999881e+01
3.116955899999999957e+01
6.082807499999999834e+01
3.794394900000000348e+01
1.035845899999999986e+01
3.690047700000000219e+01
2.716451999999999956e+01
7.931415400000000204e+01
4.750644400000000189e+01
7.758187300000000164e+01
7.737951800000000446e+01
4.948605899999999735e+01
5.497064799999999707e+01
4.977155599999999680e+01
3.816588999999999743e+01
4.476893799999999857e+01
9.260692000000000590e+00
6.354294699999999807e+01
2.081726499999999902e+01
4.987836800000000181e+01
5.703173900000000174e+01
7.117747099999999705e+01
9.197273599999999760e+01
1.517751600000000067e+01
5.707227499999999765e+01
5.501665200000000056e+01
4.979811099999999868e+01
5.097774900000000287e+01
6.036976899999999802e+01
4.406134800000000240e+01
3.219160399999999811e+01
4.913813499999999834e+01
1.575580899999999929e+01
7.822394900000000462e+01
9.187735999999999237e+00
2.303376099999999838e+01
7.360262199999999666e+01
5.430229299999999881e+01
3.535239899999999835e+01
8.484963399999999467e+01
2.826652500000000146e+01
5.911667500000000075e+01
3.385303300000000348e+01
3.083856199999999959e+01
3.150902999999999921e+01
1.833884600000000020e+01
4.840238800000000197e+01
4.279815399999999670e+01
8.133709600000000250e+01
7.436174900000000321e+01
1.177953100000000042e+01
2.458402999999999849e+01
9.138950300000000482e+01
3.722984499999999741e+01
3.712310500000000246e+01
2.395422999999999902e+01
5.498212099999999936e+01
2.552389900000000011e+01
6.687930299999999306e+01
3.692787700000000228e+01
2.441278099999999895e+01
3.970239399999999819e+01
3.666567599999999771e+01
1.338368400000000058e+01
8.958670899999999904e+01
8.599758199999999420e+01
5.120306899999999928e+01
5.041624500000000353e+01
7.272633799999999837e+01
2.858828700000000111e+01
3.773268099999999947e+01
4.469971100000000064e+01
2.760548800000000114e+01
6.506128300000000309e+01
5.712429499999999649e+01
5.357032000000000238e+01
3.714874100000000112e+01
3.246848899999999816e+01
5.288870599999999911e+01
3.663899200000000178e+01
6.368093900000000218e+01
4.357057600000000264e+01
8.404165100000000166e+01
8.066621600000000569e+01
3.554063500000000175e+01
4.861302200000000084e+01
1.877634400000000170e+01
5.921356099999999856e+01
5.376264199999999960e+01
6.807659999999999911e+01
9.106487799999999311e+01
2.972179200000000066e+01
7.474661500000000558e+01
8.376803000000000665e+00
4.954682700000000040e+01
1.800074499999999844e+01
4.156913500000000283e+01
4.194433599999999984e+01
3.902658000000000271e+01
5.622939800000000332e+01
3.765795599999999865e+01
7.479745099999999525e+01
8.793678599999999790e+01
3.919255600000000328e+01
7.366136799999999596e+01
8.866532899999999984e+01
6.867647900000000050e+01
8.647289700000000323e+01
7.461258599999999319e+01
4.137447300000000183e+01
5.034290800000000132e+01
4.875883799999999724e+01
5.886453000000000202e+01
6.727805200000000241e+01
1.685534099999999924e+01
4.456422200000000089e+01
3.916138300000000072e+01
7.568619900000000200e+01
4.891783199999999709e+01
2.731460399999999922e+01
3.973167000000000115e+01
5.786610399999999998e+01
2.989578099999999949e+01
5.742472000000000065e+01
9.638721999999999568e+00
1.230216000000000065e+01
5.516993300000000033e+01
4.249703000000000230e+01
7.209581599999999924e+01
2.937820400000000021e+01
3.488242999999999938e+01
3.553594700000000017e+01
8.621487000000000123e+00
3.423483000000000231e+01
3.515205900000000128e+01
7.552340200000000436e+01
3.103127999999999886e+01
3.878708799999999712e+01
9.912001000000000062e+00
6.125129199999999940e+01
5.218408500000000316e+01
8.328853800000000263e+01
4.368151100000000042e+01
4.853526600000000002e+01
3.275193500000000313e+01
6.207231999999999772e+01
3.161699899999999985e+01
4.862800899999999871e+01
9.207579699999999434e+01
4.073869100000000287e+01
3.275757999999999726e+01
3.032042200000000065e+01
4.678287399999999963e+01
9.205719899999999711e+01
3.295805200000000212e+01
4.815270100000000042e+01
4.338683100000000081e+01
8.616486799999999846e+01
3.154574399999999912e+01
7.682901400000000081e+01
4.120742400000000316e+01
5.626208599999999649e+01
5.500006400000000184e+01
9.018481099999999628e+01
4.197211500000000228e+01
3.243306400000000167e+01
3.969056900000000354e+01
4.759306300000000078e+01
7.511155999999999722e+00
6.458285399999999754e+01
4.937547899999999856e+01
3.472927700000000328e+01
4.609461600000000203e+01
1.062781799999999954e+01
5.051979099999999789e+01
3.137401600000000101e+01
4.304253099999999677e+01
4.029377900000000068e+01
2.842983299999999858e+01
3.070552599999999899e+01
6.386168800000000090e+01
3.605157799999999924e+01
4.757885300000000228e+01
7.136741700000000321e+01
4.539372699999999838e+01
1.459377100000000027e+01
4.117496500000000026e+01
4.862500299999999953e+01
2.238510899999999992e+01
5.215000200000000063e+01
2.796596699999999913e+01
3.269719099999999656e+01
5.587559600000000160e+01
7.867649199999999610e+01
3.206379299999999688e+01
7.924483200000000238e+01
4.580908999999999764e+01
3.751747999999999905e+01
3.994360100000000102e+01
2.531080299999999994e+01
2.633871699999999905e+01
2.754274600000000106e+01
1.923508700000000005e+01
8.429183999999999344e+00
3.601378100000000160e+01
3.179376600000000153e+01
7.055608700000000510e+01
4.436212900000000303e+01
6.076869700000000307e+01
5.589201899999999767e+01
4.077361100000000249e+01
7.760491799999999785e+01
3.908307200000000137e+01
8.582868700000000217e+01
7.367315399999999670e+01
6.040407100000000185e+01
5.014948499999999854e+01
3.101334900000000161e+01
3.632161299999999926e+01
5.366146799999999928e+01
4.382643600000000106e+01
3.138400299999999987e+01
4.522764000000000095e+01
1.290889499999999934e+01
1.942069599999999951e+01
7.250346000000000402e+01
8.021842300000000137e+01
8.873533500000000629e+01
5.633568000000000353e+01
5.771683399999999864e+01
5.779330199999999707e+01
6.531016300000000285e+01
4.298157700000000148e+01
7.656874200000000030e+01
1.149369100000000010e+01
9.157662600000000452e+01
3.805551200000000023e+01
2.431367200000000039e+01
7.673460900000000606e+01
1.192871899999999918e+01
6.454987199999999348e+01
2.972117199999999926e+01
3.602272200000000169e+01
4.651190299999999667e+01
7.651754200000000594e+01
3.889103699999999719e+01
3.422527800000000298e+01
1.500313899999999911e+01
7.666377699999999606e+01
8.052945900000000279e+01
6.296108399999999961e+01
2.024338499999999996e+01
4.068325099999999850e+01
3.576165400000000005e+01
5.467401399999999967e+01
7.627779499999999757e+01
6.122223300000000279e+01
3.328716899999999868e+01
8.709349600000000180e+01
2.660722300000000118e+01
5.909782799999999980e+01
2.323770800000000136e+01
3.887549299999999874e+01
3.730061500000000052e+01
5.423661299999999841e+01
7.619926999999999850e+01
1.395060699999999976e+01
7.981151800000000662e+01
3.131982800000000111e+01
6.035577299999999923e+01
6.983827800000000252e+01
4.139088999999999885e+01
3.287481999999999971e+01
4.831040200000000340e+01
2.719912300000000016e+01
7.043470200000000148e+01
8.224710799999999722e+01
3.840656100000000350e+01
4.686876600000000082e+01
4.427198200000000128e+01
3.596874499999999841e+01
5.501256300000000010e+01
6.618094100000000424e+01
4.016015999999999764e+01
5.756503099999999762e+01
5.507839299999999838e+01
3.904630999999999830e+01
5.758230100000000107e+01
3.633492100000000136e+01
6.987623800000000074e+01
2.190492000000000061e+01
5.466549400000000247e+01
5.077923299999999784e+01
4.982818900000000184e+01
1.505361800000000017e+01
4.392008200000000073e+01
2.537141000000000091e+01
8.605244600000000332e+01
2.110221100000000050e+01
2.902443600000000146e+01
3.141281100000000137e+01
4.391054400000000157e+01
3.917453199999999924e+01
2.863529199999999975e+01
8.884283000000000641e+01
6.825781999999999528e+01
7.286739300000000696e+01
3.277612700000000245e+01
4.743621799999999666e+01
3.132636199999999960e+01
2.949654200000000159e+01
4.621424199999999871e+01
2.542325599999999852e+01
1.311988200000000049e+01
4.726898700000000275e+01
1.012875599999999920e+01
2.896600600000000014e+01
4.139881100000000202e+01
3.814065999999999690e+01
8.884945000000000093e+00
5.537694400000000172e+01
7.882761600000000612e+01
2.519266500000000164e+01
2.344094600000000028e+01
5.665685799999999972e+01
6.688464799999999855e+01
2.932756600000000091e+01
4.991066599999999909e+01
1.715849000000000046e+01
3.295893099999999976e+01
3.307170299999999941e+01
2.518378099999999975e+01
5.427374600000000271e+01
6.835991400000000340e+01
5.556666799999999995e+01
3.616444500000000062e+01
3.217434599999999989e+01
7.321581000000000472e+01
1.656284700000000143e+01
6.580477700000000141e+01
8.388312899999999672e+01
1.624820700000000073e+01
3.458039200000000335e+01
2.600557600000000136e+01
6.868023800000000278e+01
6.623021599999999864e+01
4.273591700000000060e+01
4.899228099999999841e+01
4.784161199999999781e+01
8.783840600000000620e+01
6.444549499999999398e+01
3.642738200000000148e+01
5.751991499999999746e+01
8.326985799999999927e+01
5.638309999999999889e+01
6.813926700000000380e+01
4.050377300000000247e+01
5.437696600000000302e+01
6.579499500000000012e+01
4.111608400000000074e+01
2.537235700000000094e+01
5.016355000000000075e+01
4.721628499999999917e+01
5.450951899999999739e+01
2.361468400000000045e+01
3.491899200000000292e+01
2.975592699999999979e+01
7.179998399999999492e+01
2.483620300000000114e+01
4.978607399999999927e+01
5.060428600000000188e+01
2.991986400000000046e+01
6.134055099999999783e+01
1.928103899999999982e+01
1.600950599999999824e+01
4.188601400000000297e+01
9.485414299999999344e+01
4.778745700000000340e+01
3.373882900000000262e+01
8.247329700000000230e+01
7.042925000000000324e+00
2.708620900000000020e+01
8.762709700000000623e+01
8.119753199999999538e+01
6.852604999999999791e+01
3.107030999999999921e+01
3.991636900000000310e+01
4.971482499999999760e+01
1.556561499999999931e+01
2.249373599999999840e+01
4.029321600000000103e+01
6.400427999999999784e+00
7.984277699999999811e+01
7.248645299999999736e+01
6.351802800000000104e+01
9.161995000000000289e+01
5.789748699999999815e+01
8.949808400000000574e+01
3.139997800000000083e+01
8.026854199999999651e+01
4.916762599999999850e+01
3.484462099999999651e+01
8.984629700000000696e+01
3.356018999999999863e+01
8.917339599999999677e+01
6.660266799999999421e+01
3.469699899999999815e+01
1.185022700000000029e+01
4.265090899999999863e+01
7.295748700000000042e+01
8.004227400000000614e+01
6.559883700000000317e+01
5.311704799999999693e+01
6.653276300000000276e+01
4.741213700000000131e+01
2.288770900000000097e+01
4.195265299999999797e+01
3.886794900000000297e+01
3.511188200000000137e+01
3.046619799999999856e+01
4.563575500000000318e+01
6.714345400000000552e+01
5.899842699999999951e+01
8.840509299999999371e+01
3.919549200000000155e+01
3.516481999999999886e+01
4.260121399999999880e+01
5.332154200000000088e+01
3.974879800000000074e+01
5.859468199999999882e+01
2.150485700000000122e+01
3.388851799999999770e+01
4.228317799999999949e+01
4.175925099999999901e+01
1.349257099999999987e+01
3.908375699999999853e+01
3.587160500000000241e+01
6.920970499999999959e+01
3.136281200000000169e+01
3.237736000000000303e+01
2.819194200000000095e+01
3.430772400000000033e+01
8.384536799999999346e+01
8.956749999999999545e+00
5.530456399999999917e+01
6.006771299999999769e+01
4.126892000000000138e+01
2.994020700000000090e+01
2.642715600000000009e+01
7.881155699999999342e+01
1.078416700000000006e+01
6.855663900000000410e+01
7.407004600000000494e+01
1.135885700000000043e+01
2.762413099999999844e+01
4.044416900000000226e+01
4.546139300000000105e+01
5.080145100000000014e+01
8.246486000000000161e+01
2.592855099999999879e+01
6.515721899999999778e+01
3.679280399999999673e+01
5.356156200000000212e+01
7.910540399999999295e+01
3.517082299999999861e+01
8.365283100000000616e+01
2.029787299999999917e+01
3.414223599999999692e+01
3.579313100000000247e+01
5.310315299999999894e+01
1.128577100000000044e+01
2.923828699999999969e+01
5.400244599999999906e+01
3.073782100000000028e+01
4.373184499999999986e+01
8.563250000000000028e+00
7.979399899999999946e+01
7.787462700000000382e+01
4.381852399999999648e+01
2.605955499999999958e+01
7.609094000000000335e+01
2.735399699999999967e+01
6.738728999999999303e+01
6.336813599999999980e+01
4.404014899999999955e+01
1.945745000000000147e+01
4.974379799999999818e+01
3.311980199999999996e+01
5.616437799999999925e+01
2.660560699999999912e+01
3.215638899999999722e+01
3.046257599999999854e+01
4.543417300000000125e+01
3.734714300000000264e+01
2.708917599999999837e+01
3.741523699999999764e+01
7.392686600000000396e+01
4.432740700000000089e+01
9.170492699999999786e+01
4.001937800000000323e+01
7.327998100000000647e+01
2.142943100000000101e+01
8.264946799999999882e+01
2.086145199999999988e+01
3.538578799999999802e+01
7.969362800000000391e+01
6.676274899999999946e+01
3.033015299999999925e+01
4.850968499999999750e+01
4.838698800000000233e+01
3.003036699999999826e+01
9.074485400000000368e+01
5.838747200000000248e+01
7.383187800000000323e+01
6.761749899999999514e+01
8.969223900000000071e+01
2.434667200000000165e+01
6.274215800000000343e+01
1.887819100000000105e+01
4.110614400000000046e+01
4.892135400000000089e+01
1.373494900000000030e+01
6.677943299999999738e+01
5.119764700000000346e+01
3.053959899999999905e+01
7.137687699999999325e+01
6.463056100000000015e+01
3.334692299999999676e+01
2.046292800000000156e+01
2.821982099999999960e+01
6.932088299999999492e+01
2.577693599999999918e+01
3.055038100000000156e+01
1.778587399999999974e+01
3.977897399999999806e+01
4.451833100000000343e+01
5.661652200000000335e+01
6.141694400000000087e+01
4.051349700000000098e+01
8.189581699999999387e+01
4.432184800000000280e+01
1.692426800000000142e+01
3.423639099999999758e+01
5.018441099999999722e+01
9.072732200000000091e+01
1.898003699999999938e+01
2.161218500000000020e+01
3.802707399999999893e+01
5.193733100000000036e+01
2.901881500000000003e+01
8.249935999999999936e+00
2.755142499999999828e+01
4.187489999999999668e+01
3.300894399999999962e+01
3.622782300000000077e+01
3.452897399999999806e+01
2.552072899999999933e+01
8.476179000000000485e+01
6.947501699999999403e+01
3.767437100000000072e+01
4.806851600000000246e+01
5.218992099999999823e+01
2.459326400000000135e+01
4.428139000000000181e+01
4.321225499999999897e+01
2.381773899999999955e+01
6.714121199999999590e+01
3.273360999999999876e+01
4.859276299999999793e+01
8.729250100000000145e+01
4.257181899999999786e+01
2.888448999999999955e+01
7.570557700000000523e+01
1.998022200000000126e+01
3.794256200000000234e+01
5.405467199999999650e+01
6.478202899999999431e+01
4.032938200000000251e+01
4.938131700000000279e+01
2.549590500000000048e+01
3.083006800000000069e+01
2.411157299999999992e+01
8.929191500000000303e+01
6.245721400000000045e+01
4.313437100000000157e+01
6.887935400000000641e+01
3.327590699999999657e+01
7.616522999999999399e+01
8.625208499999999390e+01
1.203872499999999945e+01
3.690564599999999729e+01
4.789317299999999733e+01
7.819012999999999636e+01
2.949672199999999833e+01
3.270630400000000293e+01
6.902831000000000472e+01
8.263001300000000526e+01
6.335259599999999836e+01
7.237285699999999622e+01
3.734679400000000271e+01
7.699036700000000621e+01
8.577377999999999503e+00
3.508529300000000006e+01
2.316152400000000000e+01
3.513264699999999863e+01
3.120448100000000125e+01
9.684908000000000072e+00
5.073850099999999941e+01
1.051356900000000039e+01
8.725790600000000552e+01
6.318146600000000035e+01
3.752884000000000242e+01
1.278909799999999919e+01
3.771599299999999744e+01
2.629435900000000004e+01
2.774325500000000133e+01
8.493949899999999786e+01
9.435997700000000066e+01
5.791750600000000304e+01
3.517885799999999819e+01
8.331348500000000001e+01
7.514453799999999717e+01
5.257164199999999710e+01
1.666856200000000143e+01
2.761396799999999985e+01
3.586402100000000104e+01
1.441084900000000069e+01
4.609072299999999700e+01
1.467242899999999928e+01
3.252977800000000030e+01
8.528939800000000560e+01
4.054407900000000353e+01
6.556682299999999941e+01
3.076869999999999905e+01
6.172867899999999963e+01
4.295819900000000047e+01
6.091105100000000050e+01
8.841808999999999585e+00
7.794621000000000244e+00
4.792951599999999956e+01
7.025853399999999738e+01
3.117559100000000072e+01
7.706611399999999890e+01
1.798197599999999952e+01
1.293350500000000025e+01
4.585600300000000118e+01
3.619924600000000225e+01
5.757574799999999726e+01
7.874111999999999512e+01
5.047975199999999774e+01
3.463908299999999940e+01
9.358813999999999567e+01
9.061745000000000516e+01
2.552481999999999829e+01
5.461864899999999778e+01
3.750712200000000252e+01
3.019157900000000083e+01
4.086634500000000259e+01
4.803249000000000279e+01
7.980757199999999330e+01
4.717430600000000140e+01
8.879795900000000586e+01
2.534040999999999855e+01
4.655995699999999715e+01
7.969335499999999683e+01
3.968817099999999698e+01
2.391169100000000114e+01
1.261860700000000080e+01
2.475629800000000103e+01
2.730665499999999923e+01
3.445111899999999849e+01
8.555828999999999240e+00
7.670623600000000408e+01
4.654964900000000227e+01
2.863191300000000084e+01
1.670228900000000039e+01
3.118260799999999833e+01
5.984117100000000278e+01
3.206493700000000047e+01
5.218540200000000340e+01
5.917010499999999951e+01
5.653189600000000326e+01
4.831880699999999962e+01
3.363436200000000298e+01
5.121332799999999708e+01
2.762397700000000000e+01
3.964389400000000308e+01
4.579515599999999864e+01
4.120787599999999884e+01
2.252830099999999902e+01
3.502083799999999769e+01
4.972735600000000034e+01
3.623857000000000284e+01
7.827334100000000205e+01
3.697805999999999926e+01
1.205901399999999946e+01
6.667583799999999883e+01
4.342390600000000234e+01
3.193092299999999994e+01
3.728096699999999686e+01
8.701930900000000690e+01
3.128263099999999852e+01
5.618054800000000171e+01
8.856253300000000195e+01
3.622582899999999739e+01
8.755282599999999604e+01
3.930244100000000174e+01
4.500812200000000018e+01
2.762227700000000041e+01
6.396297200000000061e+01
2.372617199999999826e+01
5.455651499999999743e+01
3.392652300000000309e+01
3.674216899999999697e+01
9.020987499999999670e+01
5.233638599999999741e+01
7.969759500000000685e+01
4.161422900000000169e+01
8.314013300000000584e+01
2.839437900000000070e+01
6.057544999999999646e+01
3.689413400000000109e+01
4.370383600000000257e+01
8.046892499999999870e+01
3.262037600000000026e+01
7.080331099999999367e+01
6.117397400000000118e+01
4.313379400000000174e+01
2.807664300000000068e+01
2.083965800000000002e+01
2.564874899999999869e+01
4.185311399999999793e+01
3.438991000000000042e+01
2.669161000000000072e+01
3.332963000000000164e+01
3.646122199999999935e+01
2.695214400000000055e+01
3.213862000000000307e+01
1.029822200000000088e+01
7.903659799999999791e+01
4.006678699999999793e+01
8.840317400000000703e+01
8.146988000000000341e+00
3.488463099999999883e+01
4.600233500000000220e+01
8.406941000000000486e+01
3.305197700000000083e+01
6.395457900000000251e+01
7.948661199999999383e+01
5.072894999999999754e+01
8.200973000000000468e+01
3.037899099999999919e+01
6.071598500000000342e+01
2.744806300000000121e+01
4.317607999999999890e+01
7.683363900000000513e+01
3.008862699999999890e+01
3.236421399999999693e+01
5.960572799999999916e+01
2.112911599999999979e+01
4.828058500000000208e+01
5.157559200000000033e+01
7.133044300000000248e+01
2.502707499999999996e+01
9.723566499999999735e+01
4.576101700000000250e+01
4.249946599999999819e+01
5.931120800000000060e+01
4.641103100000000126e+01
2.190718599999999938e+01
3.069946900000000056e+01
7.305732700000000079e+01
4.129500699999999824e+01
1.257204699999999953e+01
3.226487500000000352e+01
3.143429100000000176e+01
3.740865600000000057e+01
3.099387499999999918e+01
2.492136100000000098e+01
4.436078599999999739e+01
5.055836500000000200e+01
8.284095999999999549e+01
2.389253300000000024e+01
2.531195900000000165e+01
7.726460999999999579e+00
7.626012599999999964e+01
9.106461699999999837e+01
2.883706700000000112e+01
4.597834600000000194e+01
8.606568400000000452e+01
2.869616399999999956e+01
4.537425999999999959e+00
4.921373100000000278e+01
1.031189700000000009e+01
6.656350000000000477e+01
2.888506999999999891e+01
8.534327299999999639e+01
5.410205299999999795e+01
4.859134300000000195e+01
3.414296900000000079e+01
2.797568400000000111e+01
2.476826499999999953e+01
4.404488700000000279e+01
5.320024300000000039e+01
3.122418599999999955e+01
1.893708799999999925e+01
3.461177099999999740e+01
7.474192499999999484e+01
3.092725300000000033e+01
4.075557299999999827e+01
6.253921299999999661e+01
2.326593499999999892e+01
1.982641100000000023e+01
8.312771100000000501e+01
8.566590100000000518e+01
5.070666200000000146e+01
8.100731100000000140e+01
5.272576000000000107e+01
1.107027300000000025e+01
3.597754700000000128e+01
8.281941799999999887e+01
8.581772499999999582e+01
6.922554200000000435e+01
3.142146400000000028e+01
5.346956800000000243e+01
6.895902200000000448e+01
8.455360100000000045e+01
5.197162399999999849e+01
4.688475799999999793e+01
5.535545199999999966e+01
7.242791300000000376e+01
8.089239600000000507e+01
2.940544200000000075e+01
4.002318799999999754e+01
3.493679000000000201e+01
3.932913400000000337e+01
4.551820399999999722e+01
7.421646699999999441e+01
2.678117500000000106e+01
5.513592299999999824e+01
4.131187899999999757e+01
3.962061599999999828e+01
1.714569099999999935e+01
3.111983700000000042e+01
1.645937500000000142e+01
8.028048999999999324e+00
2.352308599999999927e+01
2.396764500000000098e+01
8.725103000000000719e+00
5.300704199999999844e+01
6.806677799999999934e+01
2.924331799999999859e+01
1.432457299999999911e+01
2.186197699999999955e+01
6.284276000000000195e+00
6.634371699999999805e+01
4.666225899999999882e+01
2.294834200000000024e+01
6.082593399999999662e+01
5.572694800000000015e+01
6.613808699999999874e+01
5.198248699999999900e+01
5.171182000000000301e+01
5.625716700000000259e+01
2.319886899999999841e+01
3.118656700000000015e+01
4.442521299999999940e+01
6.107782999999999873e+01
5.079265600000000092e+01
6.811059099999999944e+01
3.740077999999999747e+01
4.475565000000000282e+01
9.860879000000000616e+00
7.924067700000000514e+01
6.204522200000000254e+01
8.943708999999999776e+01
5.744918700000000200e+01
6.809666699999999651e+01
5.411018500000000131e+01
7.713583199999999351e+01
8.724721399999999960e+01
4.312372599999999778e+01
1.036561900000000058e+01
6.154382300000000328e+01
3.101122399999999857e+01
5.761293700000000229e+01
7.045832400000000462e+01
7.482081200000000365e+01
6.003896699999999953e+01
5.874240799999999751e+01
2.889697699999999969e+01
1.651589399999999941e+01
6.846493599999999446e+01
4.442512899999999831e+01
2.935895000000000010e+01
4.236818999999999846e+01
6.268879400000000146e+01
3.264606799999999964e+01
8.473537299999999561e+01
6.074072199999999810e+01
1.617551299999999870e+01
3.083896299999999968e+01
1.994757699999999900e+01
2.735725700000000060e+01
1.459625800000000062e+01
3.343822500000000275e+01
3.994656400000000218e+01
4.038237999999999772e+01
2.833171700000000115e+01
3.033892499999999970e+01
3.860866200000000248e+01
2.954165700000000072e+01
8.517795300000000225e+01
5.367761300000000091e+01
7.053887500000000443e+01
2.742742499999999950e+01
5.972077199999999664e+01
4.275159500000000179e+01
5.494544299999999737e+01
8.159204499999999882e+01
6.343010799999999705e+01
4.711607699999999710e+01
1.671230100000000007e+01
1.574202799999999947e+01
7.459943499999999972e+01
8.331589099999999348e+01
4.735194400000000314e+01
4.168075300000000283e+01
6.331546000000000163e+01
9.220453899999999692e+01
5.069978400000000107e+01
6.525211600000000089e+01
4.120887799999999856e+01
4.819466500000000053e+01
4.954170500000000033e+01
5.395107300000000095e+01
4.710669699999999693e+01
8.870339699999999539e+01
4.176824799999999982e+01
3.183921099999999882e+01
1.882151899999999856e+01
2.570102999999999938e+01
8.529790099999999597e+01
4.818278399999999806e+01
2.399341799999999836e+01
7.658377099999999871e+01
1.492090600000000045e+01
3.077445099999999911e+01
3.908243699999999876e+01
4.466402399999999773e+01
6.393963899999999967e+01
3.130826199999999915e+01
3.347804699999999656e+01
7.759733300000000611e+01
7.664242699999999786e+01
2.972869800000000140e+01
3.911100900000000280e+01
8.990905300000000011e+01
6.876606900000000167e+01
4.728183800000000048e+01
4.795827200000000090e+01
5.185004899999999850e+01
1.354692099999999932e+01
5.132887600000000106e+01
5.284870899999999949e+01
6.388493900000000281e+01
8.010190000000000055e+01
2.852771900000000116e+01
2.456437700000000035e+01
3.248376499999999822e+01
5.211299900000000207e+01
7.244848899999999503e+01
7.425615000000000521e+01
8.043557800000000668e+01
3.356886300000000034e+01
8.403849900000000162e+01
3.642070199999999858e+01
6.604209699999999827e+01
5.473828699999999969e+01
8.880576000000000647e+01
8.212341899999999839e+01
2.902439999999999998e+01
3.073263499999999837e+01
4.059099499999999949e+01
4.147654699999999650e+01
2.716250199999999992e+01
6.744602799999999831e+01
5.898922799999999711e+01
8.865421499999999355e+01
3.355519600000000224e+01
1.570064799999999927e+01
8.039593399999999690e+01
2.735863200000000006e+01
2.461343400000000159e+01
5.750628499999999832e+01
7.185992000000000246e+01
5.013491100000000245e+01
3.522358400000000245e+01
8.943693100000000129e+01
4.661616899999999930e+01
2.551616299999999882e+01
1.700483799999999945e+01
7.667248999999999626e+01
1.288989399999999996e+01
7.206895699999999749e+01
2.718152900000000116e+01
4.519350200000000228e+01
8.609306000000000125e+00
3.342859700000000345e+01
2.960205200000000048e+01
1.978651100000000085e+01
8.028342800000000068e+01
2.978019499999999908e+01
3.759319800000000100e+01
5.317933000000000021e+01
1.749057900000000032e+01
8.341316299999999728e+01
3.469238699999999653e+01
4.103878999999999877e+01
4.924153600000000353e+01
6.160078699999999685e+01
8.793241299999999683e+01
2.887194699999999870e+01
5.918687700000000262e+01
4.768340500000000048e+01
5.436622700000000208e+01
4.015076799999999935e+01
3.135036900000000060e+01
6.776273500000000638e+01
5.769534399999999863e+01
6.689571100000000570e+01
1.705042500000000061e+01
2.906994100000000003e+01
4.842215600000000109e+01
4.063880900000000196e+01
4.395558499999999924e+01
6.349652799999999786e+01
7.968928599999999562e+01
4.771885600000000238e+01
3.645098600000000033e+01
5.053428499999999701e+01
5.032639799999999752e+01
6.641026899999999955e+01
5.255220200000000119e+01
2.683720900000000142e+01
4.763196500000000100e+01
2.529718000000000089e+01
4.440244799999999969e+01
8.651896399999999687e+01
2.712935999999999837e+01
4.434615800000000263e+01
4.899458299999999866e+01
9.195642800000000250e+01
2.512259799999999998e+01
8.286670200000000364e+01
9.191423299999999585e+01
7.633014400000000421e+01
4.319375600000000048e+01
4.746098899999999787e+01
3.376966199999999674e+01
5.945913999999999788e+01
1.811434300000000164e+01
8.420632799999999918e+01
2.058050300000000021e+01
7.765409300000000314e+01
5.593800999999999846e+01
7.773364599999999314e+01
4.865284299999999718e+01
5.548279999999999745e+01
4.499064899999999767e+01
5.844755099999999715e+01
5.130801999999999907e+01
3.748648399999999725e+01
6.103856199999999887e+01
2.601548899999999875e+01
4.079176400000000058e+01
5.408896599999999921e+01
4.539802099999999996e+01
4.142367699999999786e+01
4.539493199999999717e+01
1.549619799999999969e+01
3.154302699999999859e+01
5.473922799999999711e+01
5.518987800000000021e+01
2.785986700000000127e+01
3.648445900000000108e+01
6.199238299999999668e+01
4.655378300000000280e+01
3.200409100000000251e+01
7.636367300000000569e+01
2.964380900000000096e+01
4.161522699999999730e+01
3.815185000000000315e+01
7.857730800000000215e+01
2.634810399999999930e+01
4.862560400000000271e+01
4.582777699999999754e+01
6.440624900000000252e+01
3.535016199999999742e+01
8.841818700000000320e+01
9.429451099999999997e+01
2.658223299999999867e+01
3.844087300000000340e+01
3.153475099999999998e+01
2.975517299999999921e+01
4.788643600000000333e+01
5.011175999999999675e+01
5.400913700000000262e+01
5.371321400000000068e+01
2.966153299999999859e+01
2.278617099999999951e+01
5.756402400000000341e+01
4.345820499999999953e+01
1.173741300000000010e+01
7.080883000000000038e+01
5.316613600000000162e+01
4.325607699999999767e+01
1.421796499999999952e+01
9.369366999999999734e+01
2.770426700000000153e+01
8.053047499999999559e+01
3.707533500000000259e+01
4.608102800000000343e+01
8.643924000000000163e+00
4.643539299999999770e+01
3.433853299999999820e+01
4.594887400000000355e+01
2.466807199999999867e+01
3.255711500000000314e+01
7.084435299999999813e+01
4.921042500000000075e+01
6.972015000000000384e+01
7.390986499999999637e+01
1.621729099999999946e+01
2.775818900000000156e+01
6.016447200000000350e+01
2.828763100000000108e+01
3.463858900000000318e+01
3.888247700000000151e+01
2.860337399999999874e+01
3.669684800000000280e+01
2.059476099999999832e+01
8.546243599999999674e+01
7.121453800000000456e+01
1.879394999999999882e+01
2.270529099999999900e+01
5.556665300000000229e+01
3.143290999999999968e+01
3.047343700000000055e+01
5.761289800000000128e+01
7.498865200000000186e+01
6.491997800000000041e+01
5.228433900000000278e+01
3.100059200000000104e+01
1.941465699999999828e+01
7.342638499999999624e+01
4.605142299999999977e+01
8.028407500000000141e+01
2.830433000000000021e+01
3.796933200000000141e+01
3.769030099999999806e+01
8.260700799999999333e+01
4.514341300000000246e+01
3.783202899999999858e+01
3.304806200000000160e+01
5.212147000000000219e+01
8.598228999999999900e+00
3.359498899999999821e+01
2.794398199999999832e+01
8.854828200000000038e+01
4.575447100000000233e+01
2.820375800000000055e+01
5.282182999999999851e+01
8.352644800000000203e+01
8.276628200000000390e+01
5.159105199999999769e+01
5.660546599999999984e+01
3.418839299999999781e+01
4.328189299999999662e+01
1.885358599999999996e+01
3.389049200000000184e+01
1.923354000000000141e+01
8.704749900000000196e+01
7.439400299999999788e+01
3.910685500000000303e+01
2.885925500000000099e+01
4.054493599999999986e+01
3.661225900000000166e+01
4.321220000000000283e+01
7.801022700000000043e+01
5.258341500000000224e+01
4.232561499999999910e+01
3.512243300000000090e+01
6.131219999999999715e+01
7.708764700000000403e+01
5.524600099999999969e+01
2.764568900000000085e+01
1.340553000000000061e+01
9.092569000000000301e+01
1.348033399999999915e+01
3.760703500000000332e+01
6.036131400000000014e+01
6.401765699999999981e+01
4.650147199999999970e+01
5.360724900000000304e+01
4.300574900000000156e+01
9.268904399999999555e+01
3.388193400000000111e+01
3.664168399999999792e+01
7.770227599999999768e+01
4.793347899999999839e+01
4.454974099999999737e+01
8.118967200000000162e+01
5.834381400000000184e+01
4.795706299999999800e+01
2.500226299999999924e+01
5.509488799999999742e+01
3.897777299999999912e+01
1.456186199999999964e+01
2.763400800000000146e+01
6.709324499999999603e+01
6.335418299999999903e+01
4.599638699999999858e+01
2.795617599999999925e+01
5.083788799999999952e+01
1.188613900000000001e+01
5.090502999999999645e+01
8.889875600000000588e+01
1.143428399999999989e+01
4.795221500000000248e+01
3.414704299999999648e+01
4.798262100000000174e+01
6.008628600000000120e+01
3.773208999999999946e+01
6.405128899999999703e+01
4.482386300000000290e+01
4.773912700000000342e+01
4.161335400000000107e+01
4.573345799999999883e+01
1.766244999999999976e+01
6.862715900000000602e+01
7.398072000000000514e+01
3.184402499999999847e+01
6.964451300000000344e+01
1.143453300000000006e+01
2.660512999999999906e+01
4.354820399999999836e+01
6.094094799999999879e+01
2.056444799999999873e+01
4.970171700000000214e+01
5.990954200000000185e+01
1.832868399999999909e+01
5.825608299999999673e+01
7.580772999999999762e+00
1.918855299999999886e+01
6.196511799999999681e+01
5.452236899999999764e+01
9.256188400000000627e+01
1.096082600000000085e+01
6.261744300000000152e+01
6.090257299999999674e+01
5.876888799999999691e+01
1.916243000000000052e+01
3.502169099999999702e+01
7.202342299999999398e+01
6.690208400000000211e+01
4.824374399999999952e+01
8.935756399999999644e+01
3.267439900000000108e+01
5.441747699999999810e+01
4.060472500000000196e+01
3.457625500000000329e+01
3.296714399999999756e+01
1.855990200000000101e+01
3.336684499999999787e+01
5.768977799999999689e+01
2.970762900000000073e+01
7.512355499999999608e+01
3.835023799999999738e+01
3.566136600000000101e+01
7.627495000000000402e+01
4.885521800000000070e+01
5.173885500000000093e+01
2.520137599999999978e+01
3.587985299999999711e+01
7.670714300000000208e+01
8.063028599999999813e+01
6.728715900000000261e+01
3.236979199999999679e+01
2.971060900000000160e+01
3.700982100000000230e+01
6.125010600000000238e+01
8.037969699999999307e+01
8.514437900000000070e+01
4.473010699999999673e+01
6.884421600000000296e+01
9.351011699999999394e+01
3.522232699999999994e+01
7.985084899999999664e+01
7.327555300000000216e+01
2.839286900000000102e+01
4.647110800000000097e+01
3.290702399999999983e+01
4.193588100000000196e+01
6.570481399999999894e+01
3.563995200000000096e+01
8.600279700000000105e+01
4.376853400000000249e+01
3.923026200000000330e+01
6.917852000000000601e+01
3.954901000000000266e+01
3.059189900000000151e+01
4.612000499999999903e+01
6.560245700000000113e+01
5.917255300000000062e+01
3.517085300000000103e+01
2.556572399999999945e+01
3.724124199999999973e+01
1.163697799999999916e+01
6.481059100000000228e+01
6.935321500000000583e+01
4.932982299999999753e+01
5.447121700000000288e+01
4.205666999999999689e+01
3.432770399999999711e+01
3.754989400000000188e+01
7.262613399999999331e+01
6.834314200000000028e+01
3.275001699999999971e+01
1.060126099999999916e+01
5.475195300000000032e+01
2.851228400000000107e+01
2.820433999999999841e+01
8.709972000000000492e+00
3.788774200000000292e+01
5.494147699999999901e+01
4.107965300000000042e+01
5.554238300000000095e+01
4.820929000000000286e+01
6.148938499999999863e+01
2.351500199999999907e+01
2.819215399999999860e+01
5.639706000000000330e+01
2.914518299999999940e+01
5.967710000000000292e+01
2.416381799999999913e+01
9.115889900000000523e+01
3.186459899999999834e+01
5.021352900000000119e+01
4.403745399999999677e+01
6.979131700000000649e+01
3.918756199999999978e+01
5.506020399999999881e+01
3.070562200000000175e+01
2.106005499999999842e+01
2.787440499999999943e+01
8.279825999999999908e+00
1.544683000000000028e+01
5.061344900000000280e+01
8.571358100000000491e+01
8.453995199999999954e+01
2.487494799999999984e+01
7.401510299999999631e+01
5.758531800000000089e+01
4.998620900000000233e+01
3.852153700000000214e+01
4.348010800000000131e+01
6.361506999999999579e+00
6.650037899999999524e+01
5.089873800000000159e+01
1.015521999999999991e+01
8.611527599999999438e+01
3.503555099999999811e+01
1.170040900000000050e+01
7.748008900000000665e+01
7.847100100000000111e+01
9.048698100000000011e+01
4.057062200000000018e+01
3.500207799999999736e+01
5.770132799999999662e+01
3.379868199999999945e+01
9.127058300000000202e+01
2.677128300000000038e+01
8.944019000000000119e+01
7.474450600000000122e+01
2.184567200000000042e+01
7.111374499999999443e+01
2.336906799999999862e+01
7.126127200000000528e+01
5.885743800000000192e+01
7.947430500000000109e+01
5.596262899999999973e+01
8.914086399999999344e+01
5.537065299999999723e+01
3.025501600000000124e+01
3.099888800000000089e+01
5.177911499999999734e+01
2.350789299999999926e+01
5.338462499999999977e+01
1.408119100000000046e+01
4.040298500000000104e+01
3.951306100000000043e+01
8.016067999999999927e+01
5.315969799999999879e+01
3.053934699999999935e+01
9.366370100000000321e+01
3.123386899999999855e+01
4.834723799999999727e+01
8.417685799999999574e+01
4.476010200000000339e+01
4.755204700000000173e+01
3.715244700000000222e+01
5.647349599999999725e+01
6.966665700000000072e+01
2.102984800000000121e+01
4.261678799999999967e+01
5.588287700000000058e+01
8.572260699999999645e+01
2.370237699999999847e+01
1.359847800000000007e+01
4.322320700000000215e+01
5.863411800000000085e+01
8.106350000000000833e+00
9.559101999999999322e+00
2.504438800000000143e+01
6.499929299999999444e+01
8.336002100000000326e+01
3.067272799999999933e+01
7.849484699999999293e+01
3.999859699999999663e+01
3.785708900000000199e+01
3.851590399999999903e+01
9.266819499999999721e+01
3.618123299999999887e+01
3.957219099999999656e+01
1.341828600000000016e+01
2.899943999999999988e+01
8.361091100000000154e+01
6.481280599999999481e+01
8.293520800000000293e+01
3.247467900000000185e+01
6.984913400000000649e+01
3.506295500000000231e+01
2.477138599999999968e+01
2.595061499999999910e+01
6.030283599999999922e+01
6.016107800000000339e+01
6.898177499999999895e+01
3.212742999999999682e+01
3.428255599999999959e+01
7.279396300000000508e+01
2.960023899999999841e+01
6.685356600000000071e+01
7.417601999999999407e+01
6.030645700000000176e+01
8.049486299999999517e+01
8.416080200000000389e+01
4.447626799999999747e+01
4.242045499999999691e+01
4.996923300000000268e+01
9.174423600000000079e+01
4.050588100000000225e+01
2.946960999999999942e+01
7.354216599999999460e+01
4.768155699999999797e+01
8.152688999999999453e+01
3.302410199999999918e+01
7.220328000000000301e+00
5.213979599999999692e+01
6.032314600000000127e+01
6.524484300000000303e+01
3.524169400000000252e+01
4.272131399999999957e+01
3.424296600000000268e+01
2.401992200000000111e+01
2.025991799999999898e+01
3.621374399999999838e+01
4.005324800000000351e+01
7.110661899999999491e+01
3.930052599999999785e+01
5.697163599999999661e+01
4.192126999999999981e+01
7.019536800000000198e+01
2.602361399999999847e+01
4.281533900000000159e+01
3.010021899999999917e+01
5.286642200000000003e+01
3.317533199999999738e+01
2.863834900000000161e+01
7.560788599999999349e+01
2.794251699999999872e+01
3.181214999999999904e+01
5.836138100000000151e+01
5.368781100000000350e+01
6.227507599999999854e+01
6.604658999999999480e+01
4.684501600000000110e+01
2.025311599999999856e+01
3.443514199999999903e+01
4.266697400000000329e+01
8.647201800000000560e+01
2.485941400000000101e+01
5.354545699999999897e+01
6.307274799999999715e+01
8.803656999999999400e+00
4.687474399999999974e+01
3.469498500000000263e+01
9.121256999999999948e+01
2.796660800000000080e+01
2.775138400000000161e+01
3.229350099999999912e+01
5.186943699999999779e+01
6.271439800000000275e+01
3.649661400000000100e+01
2.127286499999999947e+01
7.454915200000000652e+01
9.041484699999999464e+01
1.357449000000000083e+01
3.977816500000000133e+01
8.471777699999999811e+01
5.155951999999999913e+01
2.975787599999999955e+01
1.702506699999999995e+01
1.750212199999999996e+01
3.638074799999999698e+01
3.468332199999999688e+01
3.174870999999999910e+01
5.393682600000000349e+01
8.050407099999999616e+01
6.206201800000000190e+01
8.201596499999999423e+01
5.978918600000000083e+01
7.198158599999999296e+01
1.372585400000000000e+01
2.904788999999999888e+01
2.434251499999999879e+01
4.320385999999999882e+01
8.433999300000000687e+01
5.180794699999999864e+01
5.465319199999999711e+01
1.071938699999999933e+01
8.621911099999999806e+01
6.154458199999999835e+01
4.572962799999999817e+01
2.738707700000000145e+01
4.275109799999999893e+01
6.937292800000000170e+01
6.381893000000000171e+01
4.477140399999999687e+01
3.459544100000000100e+01
2.237524600000000063e+01
4.111368099999999970e+01
7.374413699999999494e+01
3.509089300000000122e+01
7.437736099999999340e+01
3.019862699999999833e+01
7.849331899999999962e+01
2.842731799999999964e+01
5.878025000000000233e+01
3.168787599999999927e+01
5.339408199999999738e+01
5.659737499999999955e+01
3.308024699999999996e+01
3.518463799999999964e+01
2.603154400000000024e+01
3.479136599999999646e+01
4.540465999999999980e+01
8.668322499999999309e+01
3.888829900000000350e+01
2.782444900000000132e+01
6.334014400000000222e+01
6.613193499999999858e+01
3.658823900000000151e+01
4.203747400000000312e+01
5.233852000000000260e+01
5.806248899999999935e+01
8.981391200000000197e+01
8.520640899999999363e+01
3.205403600000000353e+01
7.881591400000000647e+01
4.099038699999999835e+01
5.013155299999999670e+01
4.028045600000000093e+01
3.390752200000000016e+01
6.633673000000000286e+01
1.544824000000000019e+01
5.379553899999999800e+01
2.638144199999999984e+01
1.958040099999999839e+01
4.478954300000000188e+01
7.287787699999999802e+01
2.197547300000000092e+01
2.687599799999999917e+01
3.547776199999999847e+01
4.130404300000000006e+01
8.656612599999999702e+01
5.080698300000000245e+01
6.102969600000000128e+01
7.368324800000000607e+01
2.719736999999999938e+01
6.282367399999999691e+01
2.559077600000000174e+01
3.390183999999999997e+01
6.914763100000000406e+01
7.708634399999999687e+01
2.316900499999999852e+01
2.715449600000000174e+01
6.584312900000000468e+01
7.857557400000000314e+01
6.638912899999999695e+01
2.610432300000000083e+01
5.911491099999999932e+01
7.023192799999999636e+01
5.806481999999999744e+01
3.565582700000000216e+01
4.870143499999999648e+01
7.947744699999999796e+01
6.826313500000000545e+01
3.008355399999999946e+01
2.806656600000000168e+01
3.159078900000000090e+01
4.399928599999999790e+01
4.287777499999999975e+01
8.544456599999999469e+01
9.056163700000000460e+01
1.726804800000000029e+01
6.325341199999999731e+01
3.494624499999999756e+01
5.098792499999999706e+01
5.211583600000000160e+01
5.956445200000000284e+01
7.025411400000000128e+01
7.416201599999999416e+01
5.609093099999999765e+01
9.169881599999999366e+01
5.566585200000000100e+01
6.166542100000000204e+01
5.545189700000000244e+01
6.977852300000000696e+01
5.134737599999999702e+01
8.632938400000000456e+01
4.026099599999999867e+01
3.123551300000000097e+01
9.168083000000000027e+01
3.968235200000000162e+01
8.122257999999999356e+01
3.634663100000000213e+01
5.426486500000000035e+01
7.208311000000000490e+01
7.389767999999999404e+01
2.626951499999999839e+01
3.493506500000000159e+01
7.860784400000000005e+01
5.839126499999999709e+01
4.223922999999999917e+01
3.058499499999999927e+01
3.446068300000000306e+01
2.209172699999999878e+01
4.013068700000000177e+01
9.156632600000000366e+01
1.068365900000000046e+01
3.811167700000000025e+01
2.732263899999999879e+01
4.138561099999999726e+01
4.480680699999999916e+01
5.507833600000000018e+01
3.099479600000000090e+01
7.579500299999999413e+01
8.794878000000000640e+00
4.721294400000000024e+01
2.739668100000000095e+01
5.325601799999999741e+01
7.856817300000000159e+01
2.004942399999999836e+01
4.051368800000000192e+01
5.293879100000000193e+01
4.317232099999999662e+01
1.996616799999999969e+01
3.217765700000000351e+01
2.545154700000000147e+01
4.405350700000000330e+01
3.184809699999999921e+01
6.344908000000000214e+01
4.495526300000000219e+01
2.870119899999999902e+01
8.798286299999999471e+01
4.344551799999999986e+01
9.216628099999999790e+01
7.748125600000000190e+01
4.658147900000000163e+01
7.943559999999999732e+00
5.386437600000000003e+01
2.331512100000000132e+01
2.888850400000000107e+01
2.598445999999999856e+01
2.462555100000000152e+01
6.741913099999999304e+01
5.984300799999999754e+01
2.752551000000000059e+01
2.325548900000000074e+01
4.579830499999999915e+01
9.336395199999999761e+01
7.956849800000000528e+01
6.182342100000000329e+01
1.327383000000000024e+01
6.362386399999999753e+01
3.141284999999999883e+01
7.536227800000000343e+01
7.415106799999999510e+01
4.042943199999999848e+01
2.649832100000000068e+01
8.111536099999999294e+01
9.234488999999999947e+00
5.102602699999999913e+01
3.426700900000000161e+01
5.266832699999999789e+01
4.224639200000000017e+01
2.543776499999999885e+01
4.976063099999999650e+01
3.292483399999999705e+01
1.372121500000000083e+01
2.361016400000000104e+01
3.024794699999999992e+01
4.346890499999999946e+01
3.343075900000000189e+01
2.954469800000000035e+01
4.299425600000000003e+01
1.589414200000000044e+01
5.171641499999999780e+01
4.933993900000000110e+01
7.867999100000000112e+01
6.708472899999999584e+01
3.268403099999999739e+01
5.297593100000000277e+01
6.916752999999999929e+01
2.994830299999999923e+01
2.194202800000000053e+01
8.249506800000000339e+01
5.041064000000000078e+01
2.761807800000000057e+01
8.956364700000000312e+01
3.002968600000000166e+01
8.103361999999999910e+01
5.733004799999999790e+01
7.195618899999999485e+01
9.262591799999999864e+01
8.895324599999999293e+01
3.203093700000000155e+01
8.544208999999999321e+01
4.944378600000000290e+01
5.808796099999999996e+01
7.938398499999999558e+01
3.003553399999999840e+01
4.354973600000000289e+01
3.095073999999999970e+01
6.574373599999999840e+01
6.609860799999999870e+01
3.557718899999999707e+01
6.591579600000000028e+01
4.169596099999999694e+01
5.843939499999999754e+01
4.977726799999999940e+01
3.532637799999999828e+01
5.705147199999999685e+01
1.176906900000000000e+01
2.025761599999999873e+01
2.566986800000000102e+01
6.741006699999999796e+01
7.466893399999999303e+01
3.307211999999999819e+01
3.177330500000000058e+01
2.896097999999999928e+01
1.188328399999999974e+01
7.872755700000000445e+01
2.616020500000000126e+01
2.948367800000000116e+01
2.923740199999999945e+01
5.262151699999999721e+01
5.922461599999999748e+01
7.039464499999999703e+01
