1.421437574513461868e+03
1.394017280039005527e+03
1.375586323999995329e+03
1.366924049793631184e+03
1.358040604328638665e+03
1.353829943189376763e+03
1.345936330308388051e+03
1.340300951988025417e+03
1.336282347933709389e+03
1.335523066474642974e+03
1.330709646557550286e+03
1.324183031641777461e+03
1.317603383289648036e+03
1.314772811879148321e+03
1.309595351784555078e+03
1.307801291955530132e+03
1.305899940969759882e+03
1.302606092901924058e+03
1.300440182033889187e+03
1.297014876509603937e+03
1.296555426093441156e+03
1.295231993744697093e+03
1.293831166290500505e+03
1.291748682915283780e+03
1.291591523096684114e+03
1.290083417355627716e+03
1.286728062361321690e+03
1.286374914681086238e+03
1.284963016207901546e+03
1.283500817573277800e+03
1.282865856716604867e+03
1.280449084270815547e+03
1.279202312228274650e+03
1.277122023561330707e+03
1.276307406616755316e+03
1.275093372798268774e+03
1.274496915642917884e+03
1.273976145740665288e+03
1.272692163790753057e+03
1.271062247068603483e+03
1.270713000488409762e+03
1.268948948360003442e+03
1.268176573396017147e+03
1.267035822893124987e+03
1.266214499496252074e+03
1.264237428447741195e+03
1.263728448817066464e+03
1.262042389165334498e+03
1.260975542743470442e+03
1.260352113802646727e+03
1.260135322183291009e+03
1.258767984956841474e+03
1.258025145198918153e+03
1.257696838122298232e+03
1.256638474827450864e+03
1.255048898230466421e+03
1.253934587355195617e+03
1.252226252503836577e+03
1.252176799713196033e+03
1.249893121617450561e+03
1.249177164545742926e+03
1.248657180346056293e+03
1.248161182924220611e+03
1.246742073296655690e+03
1.245259229891423047e+03
1.244641569162176665e+03
1.243773881534536940e+03
1.242350943984711421e+03
1.241938741128674792e+03
1.241123151318297914e+03
1.239585083868280663e+03
1.239152940509188284e+03
1.237736299092925947e+03
1.236903008921506625e+03
1.235653691001136622e+03
1.235171986526490855e+03
1.234755810717611666e+03
1.234374302280981738e+03
1.233517001563924396e+03
1.232435600409627568e+03
1.231308240132539822e+03
1.230930196608452206e+03
1.229817892345948849e+03
1.228591333627000040e+03
1.227896365737913584e+03
1.227415160840763747e+03
1.226310292766986549e+03
1.225717400920218779e+03
1.225012385456345100e+03
1.224283796412747961e+03
1.224059074103618286e+03
1.222288788432204001e+03
1.221872421073913756e+03
1.221624291100639539e+03
1.221263434003385328e+03
1.220710827591702582e+03
1.220190249825746605e+03
1.218962239616864053e+03
1.218079762406614691e+03
1.217913985488240769e+03
1.217430968380788045e+03
1.215630336184574617e+03
1.214926947083572031e+03
1.214086426270027232e+03
1.212519065162873858e+03
1.212041511642808018e+03
1.211387023717797319e+03
1.210782044786971483e+03
1.209836644268349801e+03
1.209385873829878847e+03
1.208624203288704393e+03
1.208368629586746465e+03
1.207569102206692833e+03
1.206922301005027521e+03
1.206318558526334982e+03
1.205543303599084538e+03
1.204239752750183015e+03
1.204178236802243191e+03
1.203051719899889349e+03
1.202684560894494552e+03
1.201275977400205193e+03
1.200194867965130243e+03
1.199676749486975496e+03
1.198913978305690534e+03
1.198273541099207250e+03
1.197559472371382299e+03
1.196800086196857137e+03
1.196194657519210068e+03
1.195521371182645453e+03
1.194200844983423394e+03
1.194029765610306185e+03
1.192812089162838674e+03
1.192775298854428684e+03
1.192364781415607467e+03
1.191075192613865283e+03
1.190622087322562948e+03
1.190037105391155592e+03
1.189364416845641244e+03
1.188416714594648056e+03
1.188211594720214862e+03
1.187181870260158348e+03
1.186692391858760402e+03
1.186061950388095283e+03
1.185058060183411499e+03
1.183933192618562089e+03
1.183648729230580557e+03
1.182733187296249298e+03
1.182411483225299435e+03
1.181630502822483777e+03
1.180612708576230034e+03
1.179990192521387371e+03
1.179828764372397472e+03
1.178103086108087609e+03
1.177915264832367257e+03
1.176959909951503278e+03
1.176594185764302210e+03
1.175588802693631578e+03
1.175418217611607361e+03
1.174579620699811812e+03
1.173616095399998358e+03
1.173048290608331854e+03
1.172065915312588004e+03
1.171935488022485970e+03
1.171115460764508725e+03
1.170564977570496922e+03
1.169132412343647729e+03
1.168528447823950046e+03
1.167940366321951842e+03
1.167755661480917752e+03
1.167424594328645071e+03
1.166299857378317029e+03
1.165808931646492056e+03
1.165533074621727565e+03
1.165403898277708549e+03
1.164397431910546175e+03
1.163570360579360567e+03
1.163363436038083819e+03
1.163220294493724850e+03
1.161765345971372881e+03
1.161110682236097318e+03
1.160816593601515251e+03
1.159967897353413719e+03
1.159541627585088236e+03
1.158817253360026825e+03
1.157795741890078034e+03
1.157592821014496394e+03
1.157396618681026894e+03
1.156428673778547591e+03
1.155261709235553099e+03
1.154913711084215038e+03
1.154473787468511546e+03
1.153628440767855409e+03
1.153204655353800035e+03
1.152246864550784267e+03
1.151830478778645556e+03
1.150985726571670966e+03
1.149411301853065879e+03
1.149320067179264925e+03
1.148900223256961681e+03
1.148014870333073986e+03
1.147878592509756572e+03
1.147239626450616697e+03
1.146781826920964022e+03
1.146154333223963931e+03
1.144433175860261827e+03
1.144000424363647198e+03
1.143937428730024976e+03
1.143652187754761371e+03
1.143087667793154196e+03
1.142694422040224026e+03
1.142456547172546834e+03
1.141554161281499319e+03
1.141216925889570575e+03
1.140929770624110233e+03
1.139715754151508236e+03
1.138649601274283441e+03
1.138360769920018356e+03
1.137570689917200070e+03
1.137156651255389534e+03
1.136875173968840500e+03
1.135901714420261669e+03
1.135500589387103446e+03
1.135128860407023467e+03
1.134504084158906835e+03
1.133615558556643464e+03
1.133171797496727777e+03
1.132443312181245119e+03
1.132049218970870697e+03
1.131450541262126990e+03
1.130896416688988438e+03
1.130182266106985708e+03
1.129537472274898391e+03
1.128820823098204073e+03
1.128128801169621056e+03
1.127430142910597169e+03
1.127082988282130373e+03
1.125999025779633484e+03
1.125900361031960074e+03
1.125308498937766217e+03
1.124570252886848493e+03
1.123840524723607359e+03
1.123171344838931645e+03
1.122506416514052717e+03
1.121998500746188938e+03
1.121843121108275454e+03
1.121100725353599501e+03
1.120763931079626218e+03
1.119930706091293814e+03
1.119664708698657932e+03
1.119485674786021946e+03
1.119063078390682676e+03
1.118392463824843844e+03
1.117314473439010726e+03
1.116745381379405671e+03
1.116473022028106698e+03
1.115683261275796212e+03
1.114819714744911835e+03
1.114208742882413162e+03
1.113604236029518461e+03
1.112653059569520565e+03
1.112140905039870404e+03
1.111580844309435861e+03
1.110732379977191613e+03
1.110420995265180636e+03
1.109777403615014236e+03
1.109670219964615853e+03
1.109046456394888992e+03
1.108029380673226115e+03
1.107725440694065128e+03
1.107646153381017029e+03
1.107101302878516208e+03
1.106005773573444230e+03
1.105313246627104490e+03
1.105157902117232425e+03
1.104502189577598074e+03
1.104289036722739183e+03
1.103900455350794346e+03
1.103253511850685754e+03
1.102046092221399022e+03
1.101622352040958503e+03
1.101266748796565025e+03
1.100092205564956203e+03
1.099780335435998495e+03
1.099060014420460220e+03
1.098578186107884221e+03
1.098143206030995771e+03
1.098044115824895243e+03
1.097289722459496261e+03
1.096347592562250384e+03
1.095499830786089888e+03
1.094603283918597981e+03
1.094419349157076567e+03
1.093845683876720386e+03
1.093497024112076588e+03
1.093236125800608306e+03
1.092104472309122229e+03
1.091565936737167249e+03
1.091471099744316234e+03
1.090991296186240334e+03
1.090455342505769522e+03
1.089956003677092895e+03
1.089606514414796720e+03
1.089142393659870322e+03
1.088813584944973854e+03
1.088340413891845174e+03
1.087618093451136701e+03
1.087127568599815049e+03
1.086912169349061742e+03
1.085929737912198561e+03
1.084634102863783937e+03
1.084109120633831935e+03
1.083867585164022330e+03
1.083463327417317714e+03
1.082986659251250103e+03
1.082107775807509370e+03
1.081970779581682336e+03
1.081519968192628994e+03
1.080918100576265033e+03
1.080386425219423927e+03
1.079500816980317950e+03
1.079427319288599620e+03
1.078923251656730372e+03
1.078582889177532707e+03
1.078363601078328884e+03
1.077609470367039194e+03
1.076711402823938897e+03
1.076138485426728039e+03
1.075354810659700433e+03
1.075030312055522245e+03
1.074865190203418933e+03
1.074492850724195932e+03
1.073590853802370475e+03
1.073134588806120973e+03
1.072403715337746917e+03
1.071791440174135232e+03
1.070883431471686890e+03
1.070640030464547181e+03
1.070397437783462465e+03
1.069731926742776068e+03
1.069478890660917159e+03
1.069286656913574689e+03
1.068614514456229244e+03
1.067620452171264560e+03
1.067060983528075440e+03
1.066628030068760609e+03
1.065860099157313471e+03
1.065632263726358815e+03
1.064796019322894381e+03
1.064193622398076968e+03
1.063516915447305337e+03
1.063197593731742018e+03
1.062785666975928734e+03
1.061638761905311412e+03
1.061048863075084000e+03
1.060776449630022171e+03
1.060473773692164514e+03
1.059813195639407240e+03
1.059236231661933061e+03
1.058867612049001764e+03
1.058576230929456869e+03
1.058331277996597919e+03
1.058066507996396467e+03
1.057193754758471414e+03
1.056409814520631926e+03
1.056223221722332482e+03
1.055036378960199272e+03
1.054698107146464963e+03
1.054320167931105061e+03
1.053863079837855821e+03
1.053528586326353206e+03
1.052815785992531573e+03
1.052379209319998608e+03
1.051644135380137641e+03
1.050761764694106205e+03
1.049987736342368635e+03
1.049701188793694882e+03
1.049332871419097273e+03
1.048891699942091918e+03
1.048360461901339249e+03
1.047619658821332905e+03
1.047088060374302358e+03
1.046851559765570528e+03
1.046552826915956302e+03
1.045984737091794386e+03
1.044998454884571856e+03
1.044454116794246829e+03
1.043978732546340552e+03
1.043690563580313437e+03
1.042856464409379669e+03
1.042663227064172361e+03
1.042091471455243436e+03
1.041651314678242215e+03
1.041263006283530558e+03
1.040823833366069039e+03
1.040566048050677864e+03
1.040194696928449957e+03
1.038904161580565642e+03
1.038885410964331868e+03
1.038019603874447512e+03
1.037161965562210753e+03
1.036163456143710619e+03
1.035727627690793497e+03
1.035179685179103899e+03
1.034408093235888373e+03
1.033942887538663172e+03
1.033672666365700934e+03
1.033283922536048522e+03
1.033078235063308284e+03
1.032452574646698622e+03
1.032393415011450543e+03
1.032076397631877171e+03
1.031513344566749311e+03
1.031163518781459743e+03
1.030268796277153115e+03
1.029384198307805718e+03
1.029241744466288537e+03
1.028632282124292487e+03
1.028258702221518888e+03
1.027274384192475281e+03
1.026713924988299141e+03
1.026380353654630881e+03
1.025847837065589829e+03
1.025546450579517568e+03
1.024914775133105422e+03
1.024264317193141096e+03
1.024237912124480317e+03
1.023680431644414966e+03
1.023050407469860033e+03
1.022663113147030344e+03
1.022528407426703097e+03
1.021832515658416014e+03
1.021341540199744941e+03
1.020945997848568027e+03
1.020290090599037853e+03
1.019815771942994957e+03
1.019093362393333678e+03
1.018616930483018223e+03
1.018150394249371743e+03
1.017572438283549673e+03
1.017132442787098853e+03
1.016366172157199799e+03
1.015643144259151541e+03
1.015322600125605391e+03
1.014968237502606485e+03
1.014393923113880305e+03
1.013773934947969565e+03
1.013226687752619114e+03
1.012755380479396422e+03
1.012642230264681302e+03
1.012342873704198269e+03
1.011759434399838483e+03
1.011197785606202615e+03
1.010799402854899995e+03
1.010421813133396313e+03
1.010194847691208679e+03
1.008791781398543549e+03
1.008017883351277533e+03
1.007401524921325517e+03
1.006763509601580495e+03
1.006548269392586690e+03
1.006402604127505015e+03
1.005257859844731684e+03
1.004931557588003670e+03
1.004646112518668588e+03
1.004123003599825779e+03
1.004048593809146041e+03
1.003771561949353668e+03
1.003305960523638078e+03
1.002817946475733834e+03
1.002303959106338425e+03
1.001574505453713073e+03
1.001108353776778472e+03
1.000700254148827298e+03
1.000146459525094656e+03
9.993597827444381210e+02
9.990396216642593572e+02
9.984366260072689556e+02
9.977660789866471305e+02
9.973205880343000445e+02
9.964774130680724511e+02
9.961333951233052630e+02
9.955294612062280066e+02
9.946089390447016285e+02
9.942652944995156759e+02
9.939359733896742455e+02
9.937492669627953319e+02
9.929782110846961132e+02
9.927053230104220347e+02
9.925513414757302826e+02
9.914811246048623161e+02
9.907833005698688567e+02
9.898878642554917633e+02
9.895806976249148192e+02
9.894081186881461463e+02
9.886232912924791663e+02
9.875894399970212589e+02
9.869428151760542960e+02
9.868048688019199517e+02
9.862858934796757922e+02
9.855818230210062438e+02
9.853515354267374278e+02
9.850768595975110884e+02
9.845909727095403241e+02
9.840185067261346603e+02
9.834647946321197196e+02
9.834096597250232890e+02
9.831741777939132589e+02
9.823917579377030052e+02
9.822259765848774578e+02
9.817245659523297263e+02
9.811817084158976741e+02
9.806140656538375424e+02
9.802044496862212100e+02
9.795030413531244449e+02
9.793298346073592029e+02
9.788660204213625775e+02
9.784353912686656258e+02
9.777575265501992590e+02
9.774360374569383794e+02
9.769438697385783144e+02
9.765441492841288209e+02
9.761456682694368965e+02
9.755237559516774581e+02
9.744672411424614893e+02
9.739250714677074257e+02
9.737069583273784019e+02
9.732242180883976062e+02
9.729006201898001791e+02
9.723288489687022320e+02
9.718760063331723131e+02
9.717447974312490260e+02
9.710652451509040475e+02
9.699942308115178093e+02
9.694064072661146838e+02
9.692612177254494554e+02
9.685805899953600147e+02
9.679575038311360231e+02
9.674666318985117641e+02
9.671584936259957885e+02
9.666943699387110200e+02
9.665170064177965514e+02
9.662362944334743133e+02
9.656175740022932814e+02
9.644669390798244422e+02
9.639641485317511069e+02
9.638263511049760837e+02
9.634044666544377833e+02
9.627893052783160783e+02
9.624286271091648359e+02
9.618702255017116158e+02
9.613607581282901720e+02
9.606713314394498866e+02
9.605224828217767481e+02
9.603593246221238360e+02
9.599105499485098107e+02
9.593174679818823734e+02
9.587254092863979622e+02
9.585145100563703409e+02
9.577511680038541044e+02
9.571823133976478175e+02
9.567562510588238638e+02
9.564649002782564366e+02
9.556758497139862811e+02
9.552342749765940653e+02
9.545785108824662757e+02
9.542575836135227974e+02
9.538232589808751527e+02
9.533269918319346061e+02
9.530074014227355974e+02
9.517767941382982144e+02
9.512908171003116422e+02
9.506652976154183534e+02
9.504861287515196864e+02
9.501310031326355556e+02
9.493251141556122548e+02
9.490404368590424156e+02
9.485383803099895204e+02
9.478989760183673070e+02
9.471277988561404300e+02
9.465924346160041978e+02
9.462333714566109393e+02
9.458548710260336065e+02
9.450944060815460261e+02
9.450015819889035811e+02
9.443197386484258686e+02
9.439677956056785888e+02
9.438102729020977222e+02
9.435904795857402405e+02
9.423006993984159863e+02
9.411494447736998836e+02
9.410484911145445039e+02
9.406368099167880246e+02
9.403783279749422945e+02
9.401788659263485215e+02
9.393369448483271071e+02
9.384287900400370290e+02
9.379588932580961682e+02
9.373436397125442454e+02
9.372523070162151271e+02
9.369351206039114004e+02
9.363978142250336987e+02
9.360760536467828388e+02
9.359765267112730953e+02
9.352989680063088827e+02
9.344620412237138680e+02
9.338427844346718985e+02
9.334063722209048137e+02
9.327582158763314055e+02
9.324721339402032072e+02
9.317411685221260313e+02
9.311444487602672098e+02
9.309329255011124360e+02
9.301885445420346059e+02
9.299801487275941554e+02
9.290683874156334241e+02
9.288340450185958161e+02
9.283958140416310698e+02
9.275572285863080424e+02
9.273462877995067402e+02
9.267866519062289399e+02
9.266682153972420792e+02
9.261877054640359574e+02
9.253893216415871166e+02
9.250134016332742704e+02
9.249665097693247162e+02
9.241254888036507964e+02
9.232943604003976361e+02
9.230499992126327697e+02
9.223756143428480527e+02
9.221206722271344915e+02
9.214650047172536915e+02
9.213826068131378406e+02
9.209043336985923816e+02
9.204632339432179151e+02
9.193961294332508487e+02
9.187908218116423313e+02
9.183112053330125946e+02
9.179892219754287908e+02
9.176511070783863033e+02
9.167262612911995348e+02
9.161245790033520962e+02
9.150450454749768596e+02
9.144705746457535724e+02
9.141349137789825363e+02
9.136706711211263610e+02
9.133775254433296595e+02
9.133472455105601284e+02
9.129566317601789933e+02
9.119615434554535796e+02
9.116931313283195095e+02
9.115011045251479800e+02
9.108042325254734806e+02
9.104099054676165679e+02
9.100648891943644685e+02
9.094217395255672045e+02
9.090181825360550647e+02
9.079048835950628700e+02
9.072895295819325838e+02
9.070674422821749658e+02
9.058807394083240752e+02
9.057296433666731446e+02
9.053111297433713389e+02
9.050872328775839151e+02
9.041525693548092022e+02
9.040008517903214624e+02
9.036512983923928459e+02
9.033509778834243207e+02
9.022739221989382941e+02
9.021069341649115358e+02
9.011001410521510024e+02
9.008009286437491028e+02
9.006242257612798312e+02
9.001127279742569272e+02
8.996052579286841819e+02
8.987069998169417886e+02
8.985844773646033445e+02
8.975254215829982058e+02
8.972409382842871537e+02
8.968608198882454872e+02
8.959291041966494049e+02
8.958053183173544767e+02
8.948876297195949974e+02
8.944497942762536695e+02
8.941647552120675755e+02
8.937259449227591404e+02
8.933747579668237222e+02
8.923872168828816029e+02
8.919991603816592942e+02
8.913513406486405302e+02
8.904956803054528791e+02
8.898516759518782919e+02
8.897327132611058005e+02
8.891372185445696914e+02
8.888119087500078876e+02
8.885340951459997996e+02
8.881549080600789239e+02
8.874810505773963314e+02
8.867027799832301298e+02
8.863681017620237981e+02
8.858599445388990716e+02
8.853909797592467612e+02
8.849573940004381711e+02
8.848019422252747290e+02
8.840134908515899497e+02
8.838070148721794794e+02
8.835108283492536430e+02
8.827177232717501738e+02
8.823240569300003244e+02
8.807656948115543400e+02
8.805734929821483092e+02
8.798831965998552960e+02
8.793529433255973800e+02
8.786185515823482319e+02
8.785375944006285636e+02
8.777476857445212772e+02
8.774693372336067796e+02
8.767769133665476602e+02
8.764394561490331625e+02
8.758493196635647564e+02
8.755219161596435242e+02
8.752276550633582701e+02
8.745092785742328942e+02
8.742635565528033794e+02
8.736930805334395700e+02
8.733891909269989355e+02
8.723582713357704961e+02
8.714075230926821405e+02
8.713842160441962506e+02
8.706327119333942619e+02
8.704163139481700000e+02
8.700432587565795757e+02
8.696344807521736584e+02
8.691919019495283010e+02
8.690451611437460997e+02
8.682886847692335550e+02
8.676231499446033695e+02
8.671784822943856170e+02
8.668830846205703438e+02
8.662330514285119989e+02
8.657326786708670170e+02
8.650476215240588544e+02
8.644532228169085784e+02
8.640429906514742697e+02
8.636926505410756363e+02
8.633526754115581525e+02
8.628300213223445780e+02
8.617429564709536862e+02
8.610921520179022082e+02
8.607384744269709245e+02
8.602016255957094018e+02
8.595997358652630282e+02
8.595404203830380538e+02
8.589183210868615106e+02
8.584658860435928318e+02
8.574969707331728159e+02
8.571226701085072364e+02
8.565639729335086940e+02
8.559735426436897114e+02
8.555686688157555864e+02
8.544204010779113787e+02
8.543427135808136654e+02
8.539210649107094468e+02
8.532856541769692740e+02
8.525981956193011229e+02
8.523793045646243627e+02
8.521534882741947285e+02
8.510626371479073669e+02
8.501906138567991320e+02
8.500530440114447401e+02
8.495497582064391509e+02
8.490446206470567176e+02
8.484910210669818298e+02
8.481785916726506684e+02
8.476138546744047062e+02
8.470125396809127096e+02
8.462501436779838286e+02
8.460090997898350906e+02
8.452412293510847121e+02
8.449030761796105935e+02
8.445721536852526015e+02
8.444335034110667948e+02
8.436454649242637061e+02
8.430221007266529796e+02
8.421051822485982257e+02
8.419031744148402368e+02
8.412228474068984951e+02
8.406546588205600301e+02
8.400431160787834415e+02
8.394969329728371576e+02
8.385007667069880881e+02
8.378425623863176952e+02
8.375618387705712848e+02
8.372844287774660188e+02
8.359385911580460515e+02
8.356566005512368065e+02
8.353738371452678848e+02
8.346981933065184194e+02
8.341653806780662990e+02
8.337123654300966109e+02
8.333271970982190169e+02
8.329090516081123496e+02
8.322111885449936608e+02
8.315254021525380494e+02
8.314398688379133091e+02
8.310254059915461085e+02
8.299501035019557094e+02
8.295486423256807029e+02
8.294453723813147690e+02
8.288766036787266103e+02
8.285695662898191358e+02
8.278497484162085129e+02
8.271040416381613340e+02
8.257147420546624517e+02
8.255660486398163584e+02
8.253845163516792809e+02
8.249650545023537234e+02
8.241985964994589722e+02
8.237245409151548756e+02
8.232486064761131956e+02
8.225249666792723247e+02
8.223119715320219711e+02
8.219552887897957589e+02
8.206297700945076485e+02
8.203497764293064165e+02
8.197090650376358099e+02
8.193654059788998438e+02
8.189649907007849379e+02
8.179595607765866134e+02
8.174530148212382983e+02
8.171905406023608975e+02
8.162844301639847799e+02
8.159445183950807632e+02
8.150576286476625683e+02
8.148796516038015625e+02
8.144598009666183316e+02
8.141750856665208858e+02
8.130598282640104344e+02
8.123377666116618911e+02
8.120792427687823647e+02
8.117557911615043622e+02
8.113382076090306327e+02
8.098849909105429106e+02
8.094815621218077695e+02
8.090649767197028268e+02
8.083162575238121690e+02
8.080384020103906551e+02
8.073527640806430554e+02
8.071338230480587299e+02
8.064781386148587217e+02
8.058950840756314165e+02
8.055214346387434716e+02
8.048250953880146881e+02
8.041362877704380026e+02
8.034293518593358385e+02
8.031406940975912221e+02
8.023205163869366743e+02
8.017758616885887477e+02
8.012815820570195910e+02
8.004199121847926790e+02
8.000678749466169393e+02
7.996034552343420501e+02
7.987854112165248353e+02
7.986197212921722439e+02
7.982111155161699116e+02
7.978824635031368189e+02
7.964095431381364278e+02
7.954186808164347440e+02
7.948374853336958950e+02
7.943550578916956511e+02
7.932801886198615193e+02
7.924782508201033124e+02
7.921446987809939628e+02
7.916888295398017590e+02
7.910674265987328226e+02
7.902034583131520549e+02
7.899591579702326953e+02
7.893510565056684527e+02
7.890789953545831850e+02
7.885923151672923268e+02
7.882656959314006144e+02
7.879400534374512972e+02
7.873348620346897633e+02
7.866046786484754421e+02
7.860225506235796047e+02
7.850442888301570292e+02
7.838389216418432852e+02
7.835340824438404752e+02
7.831674987488640909e+02
7.825512339050744686e+02
7.816927226323401783e+02
7.811172741715317898e+02
7.805015445016296098e+02
7.798892900112706457e+02
7.791239237553353405e+02
7.787583150856698921e+02
7.783457502916152180e+02
7.779468337352208209e+02
7.767517927847509327e+02
7.764439077200837573e+02
7.757414692545817161e+02
7.751014486826759367e+02
7.750100116542145088e+02
7.747215652878016954e+02
7.738622755047218789e+02
7.733412321245568819e+02
7.732595903763456135e+02
7.726714656877429661e+02
7.715974782939325678e+02
7.706644055419652659e+02
7.693842521044548448e+02
7.689733453928374729e+02
7.678504962224532164e+02
7.673621971334999898e+02
7.662690143237147140e+02
7.657891666317148065e+02
7.653070051943855105e+02
7.648933599467114846e+02
7.644491669814274246e+02
7.634662344215938674e+02
7.624896368381255343e+02
7.618377365236316336e+02
7.613179518481590549e+02
7.610032816670167222e+02
7.603993486389373402e+02
7.592578777109177963e+02
7.585285694454032637e+02
7.578881219668155609e+02
7.573835913255602463e+02
7.562346723214944859e+02
7.555773572699143870e+02
7.553475485028292269e+02
7.545339095715060012e+02
7.539289479265435148e+02
7.533109029017020930e+02
7.521803631455137520e+02
7.516073302654007193e+02
7.508795657984675245e+02
7.501084140975201535e+02
7.495479745256837987e+02
7.487196141696748555e+02
7.473206932402712255e+02
7.470126267457042104e+02
7.462350282147422149e+02
7.452027040719668776e+02
7.443765422328685872e+02
7.435668423861252450e+02
7.426822337451894782e+02
7.423980636171758078e+02
7.418939054847783154e+02
7.413831637965670325e+02
7.407769402799143563e+02
7.399928214256757428e+02
7.385312191988783752e+02
7.377050559886098426e+02
7.374301708840339415e+02
7.367723708169722840e+02
7.359216777593368306e+02
7.353033922944058531e+02
7.341317685343615267e+02
7.339808371151025312e+02
7.330084969791539606e+02
7.325835732651910348e+02
7.315001381098963975e+02
7.311724738464898792e+02
7.303082518198234538e+02
7.295686216849085213e+02
7.287688539781308918e+02
7.277028190815609605e+02
7.265144419027249114e+02
7.247523713683100368e+02
7.247058296952444607e+02
7.234372057654952641e+02
7.226418384948220819e+02
7.212743670126452571e+02
7.207872524858688621e+02
7.201112923035716449e+02
7.193858705810735046e+02
7.175241030862538310e+02
7.170690838279591617e+02
7.156161940975969173e+02
7.152423951612819337e+02
7.144420822759047951e+02
7.133009289172928220e+02
7.124317048043056957e+02
7.117750646892488930e+02
7.109025259827451464e+02
7.100612023169927625e+02
7.085082310335258171e+02
7.046731955297567538e+02
7.040153267952978240e+02
7.031043133412035786e+02
7.005266847977832185e+02
7.003358332905434054e+02
6.991224376273429471e+02
6.968496113467039095e+02
6.963318362526913461e+02
6.960698994001442088e+02
6.919013277774815833e+02
6.903346069045926470e+02
