0.000000000000000000e+00 9.961614850908517838e-04
0.000000000000000000e+00 2.221531001850962639e-03
0.000000000000000000e+00 2.285982947796583176e-03
0.000000000000000000e+00 2.617733087390661240e-03
0.000000000000000000e+00 3.266585990786552429e-03
0.000000000000000000e+00 3.894947236403822899e-03
0.000000000000000000e+00 4.073454067111015320e-03
0.000000000000000000e+00 4.630785435438156128e-03
0.000000000000000000e+00 4.633831791579723358e-03
0.000000000000000000e+00 4.845705348998308182e-03
0.000000000000000000e+00 5.517245270311832428e-03
0.000000000000000000e+00 5.549848079681396484e-03
0.000000000000000000e+00 5.612113978713750839e-03
0.000000000000000000e+00 5.773229990154504776e-03
0.000000000000000000e+00 5.864883307367563248e-03
0.000000000000000000e+00 6.084996275603771210e-03
0.000000000000000000e+00 6.207528989762067795e-03
0.000000000000000000e+00 6.268568336963653564e-03
0.000000000000000000e+00 6.295867264270782471e-03
0.000000000000000000e+00 6.599084474146366119e-03
0.000000000000000000e+00 6.758391391485929489e-03
0.000000000000000000e+00 6.759632378816604614e-03
0.000000000000000000e+00 6.949368864297866821e-03
0.000000000000000000e+00 7.168087642639875412e-03
0.000000000000000000e+00 7.303365506231784821e-03
0.000000000000000000e+00 7.352571934461593628e-03
0.000000000000000000e+00 8.097540587186813354e-03
0.000000000000000000e+00 8.310371078550815582e-03
0.000000000000000000e+00 8.433556184172630310e-03
0.000000000000000000e+00 8.524259552359580994e-03
0.000000000000000000e+00 8.525053970515727997e-03
0.000000000000000000e+00 8.553099818527698517e-03
0.000000000000000000e+00 8.660089224576950073e-03
0.000000000000000000e+00 8.761298842728137970e-03
0.000000000000000000e+00 8.849383331835269928e-03
0.000000000000000000e+00 9.065506979823112488e-03
0.000000000000000000e+00 9.128175675868988037e-03
0.000000000000000000e+00 9.263484738767147064e-03
0.000000000000000000e+00 9.440902620553970337e-03
0.000000000000000000e+00 9.696413762867450714e-03
0.000000000000000000e+00 9.737968444824218750e-03
0.000000000000000000e+00 1.008447352796792984e-02
0.000000000000000000e+00 1.011634618043899536e-02
0.000000000000000000e+00 1.019531209021806717e-02
0.000000000000000000e+00 1.023923978209495544e-02
0.000000000000000000e+00 1.045901793986558914e-02
0.000000000000000000e+00 1.079984195530414581e-02
0.000000000000000000e+00 1.083168294280767441e-02
0.000000000000000000e+00 1.083345431834459305e-02
0.000000000000000000e+00 1.087570469826459885e-02
0.000000000000000000e+00 1.095090340822935104e-02
0.000000000000000000e+00 1.118645444512367249e-02
0.000000000000000000e+00 1.138252392411231995e-02
0.000000000000000000e+00 1.157988701015710831e-02
0.000000000000000000e+00 1.162982359528541565e-02
0.000000000000000000e+00 1.183080114424228668e-02
0.000000000000000000e+00 1.196665782481431961e-02
0.000000000000000000e+00 1.198268774896860123e-02
0.000000000000000000e+00 1.199094206094741821e-02
0.000000000000000000e+00 1.212446112185716629e-02
0.000000000000000000e+00 1.234847959131002426e-02
0.000000000000000000e+00 1.253231149166822433e-02
0.000000000000000000e+00 1.256589405238628387e-02
0.000000000000000000e+00 1.263706479221582413e-02
0.000000000000000000e+00 1.271565631031990051e-02
0.000000000000000000e+00 1.274467445909976959e-02
0.000000000000000000e+00 1.289664208889007568e-02
0.000000000000000000e+00 1.346550229936838150e-02
0.000000000000000000e+00 1.346551347523927689e-02
0.000000000000000000e+00 1.348957512527704239e-02
0.000000000000000000e+00 1.356740389019250870e-02
0.000000000000000000e+00 1.363376434892416000e-02
0.000000000000000000e+00 1.385089848190546036e-02
0.000000000000000000e+00 1.396252680569887161e-02
0.000000000000000000e+00 1.420062128454446793e-02
0.000000000000000000e+00 1.427924726158380508e-02
0.000000000000000000e+00 1.438721641898155212e-02
0.000000000000000000e+00 1.457972731441259384e-02
0.000000000000000000e+00 1.469887699931859970e-02
0.000000000000000000e+00 1.470302138477563858e-02
0.000000000000000000e+00 1.470557507127523422e-02
0.000000000000000000e+00 1.474201865494251251e-02
0.000000000000000000e+00 1.486980449408292770e-02
0.000000000000000000e+00 1.488593220710754395e-02
0.000000000000000000e+00 1.492753345519304276e-02
0.000000000000000000e+00 1.509045343846082687e-02
0.000000000000000000e+00 1.509292144328355789e-02
0.000000000000000000e+00 1.516888849437236786e-02
0.000000000000000000e+00 1.525355130434036255e-02
0.000000000000000000e+00 1.525798998773097992e-02
0.000000000000000000e+00 1.527245622128248215e-02
0.000000000000000000e+00 1.527965720742940903e-02
0.000000000000000000e+00 1.531993784010410309e-02
0.000000000000000000e+00 1.532988809049129486e-02
0.000000000000000000e+00 1.543224789202213287e-02
0.000000000000000000e+00 1.549412030726671219e-02
0.000000000000000000e+00 1.579521968960762024e-02
0.000000000000000000e+00 1.592268422245979309e-02
0.000000000000000000e+00 1.592613384127616882e-02
0.000000000000000000e+00 1.595613732933998108e-02
0.000000000000000000e+00 1.600355654954910278e-02
0.000000000000000000e+00 1.615687087178230286e-02
0.000000000000000000e+00 1.626442559063434601e-02
0.000000000000000000e+00 1.631202548742294312e-02
0.000000000000000000e+00 1.648600958287715912e-02
0.000000000000000000e+00 1.652471907436847687e-02
0.000000000000000000e+00 1.657956093549728394e-02
0.000000000000000000e+00 1.669094339013099670e-02
0.000000000000000000e+00 1.672155782580375671e-02
0.000000000000000000e+00 1.675152219831943512e-02
0.000000000000000000e+00 1.686395704746246338e-02
0.000000000000000000e+00 1.688152365386486053e-02
0.000000000000000000e+00 1.691318303346633911e-02
0.000000000000000000e+00 1.697530038654804230e-02
0.000000000000000000e+00 1.727321930229663849e-02
0.000000000000000000e+00 1.739104278385639191e-02
0.000000000000000000e+00 1.741741970181465149e-02
0.000000000000000000e+00 1.741849258542060852e-02
0.000000000000000000e+00 1.749644242227077484e-02
0.000000000000000000e+00 1.759296469390392303e-02
0.000000000000000000e+00 1.764515601098537445e-02
0.000000000000000000e+00 1.772504672408103943e-02
0.000000000000000000e+00 1.775306835770606995e-02
0.000000000000000000e+00 1.777073740959167480e-02
0.000000000000000000e+00 1.782017946243286133e-02
0.000000000000000000e+00 1.785513572394847870e-02
0.000000000000000000e+00 1.789231412112712860e-02
0.000000000000000000e+00 1.796762831509113312e-02
0.000000000000000000e+00 1.802336797118186951e-02
0.000000000000000000e+00 1.811397261917591095e-02
0.000000000000000000e+00 1.814105175435543060e-02
0.000000000000000000e+00 1.817938871681690216e-02
0.000000000000000000e+00 1.820611022412776947e-02
0.000000000000000000e+00 1.825309172272682190e-02
0.000000000000000000e+00 1.844260841608047485e-02
0.000000000000000000e+00 1.852452196180820465e-02
0.000000000000000000e+00 1.864809729158878326e-02
0.000000000000000000e+00 1.870798133313655853e-02
0.000000000000000000e+00 1.878647878766059875e-02
0.000000000000000000e+00 1.879722066223621368e-02
0.000000000000000000e+00 1.889794692397117615e-02
0.000000000000000000e+00 1.901776343584060669e-02
0.000000000000000000e+00 1.908668130636215210e-02
0.000000000000000000e+00 1.921295374631881714e-02
0.000000000000000000e+00 1.934444718062877655e-02
0.000000000000000000e+00 1.943819783627986908e-02
0.000000000000000000e+00 1.944992132484912872e-02
0.000000000000000000e+00 1.974140107631683350e-02
0.000000000000000000e+00 1.993394456803798676e-02
0.000000000000000000e+00 2.016107179224491119e-02
0.000000000000000000e+00 2.020532265305519104e-02
0.000000000000000000e+00 2.030861191451549530e-02
0.000000000000000000e+00 2.031374536454677582e-02
0.000000000000000000e+00 2.042274363338947296e-02
0.000000000000000000e+00 2.054352685809135437e-02
0.000000000000000000e+00 2.056062966585159302e-02
0.000000000000000000e+00 2.056650631129741669e-02
0.000000000000000000e+00 2.067130804061889648e-02
0.000000000000000000e+00 2.068457379937171936e-02
0.000000000000000000e+00 2.071340382099151611e-02
0.000000000000000000e+00 2.098673023283481598e-02
0.000000000000000000e+00 2.109410986304283142e-02
0.000000000000000000e+00 2.110976539552211761e-02
0.000000000000000000e+00 2.115869894623756409e-02
0.000000000000000000e+00 2.128768898546695709e-02
0.000000000000000000e+00 2.134783938527107239e-02
0.000000000000000000e+00 2.146156132221221924e-02
0.000000000000000000e+00 2.154889144003391266e-02
0.000000000000000000e+00 2.157500758767127991e-02
0.000000000000000000e+00 2.168406732380390167e-02
0.000000000000000000e+00 2.172000147402286530e-02
0.000000000000000000e+00 2.179706469178199768e-02
0.000000000000000000e+00 2.189774811267852783e-02
0.000000000000000000e+00 2.216411009430885315e-02
0.000000000000000000e+00 2.221858501434326172e-02
0.000000000000000000e+00 2.223516441881656647e-02
0.000000000000000000e+00 2.225768007338047028e-02
0.000000000000000000e+00 2.226957678794860840e-02
0.000000000000000000e+00 2.231863327324390411e-02
0.000000000000000000e+00 2.234280854463577271e-02
0.000000000000000000e+00 2.238051407039165497e-02
0.000000000000000000e+00 2.239724621176719666e-02
0.000000000000000000e+00 2.241867221891880035e-02
0.000000000000000000e+00 2.245861478149890900e-02
0.000000000000000000e+00 2.264264971017837524e-02
0.000000000000000000e+00 2.275713533163070679e-02
0.000000000000000000e+00 2.291521243751049042e-02
0.000000000000000000e+00 2.297770231962203979e-02
0.000000000000000000e+00 2.300982736051082611e-02
0.000000000000000000e+00 2.310643158853054047e-02
0.000000000000000000e+00 2.314672805368900299e-02
0.000000000000000000e+00 2.331575006246566772e-02
0.000000000000000000e+00 2.331673540174961090e-02
0.000000000000000000e+00 2.333994768559932709e-02
0.000000000000000000e+00 2.335397712886333466e-02
0.000000000000000000e+00 2.335966937243938446e-02
0.000000000000000000e+00 2.342125214636325836e-02
0.000000000000000000e+00 2.355932816863059998e-02
0.000000000000000000e+00 2.359060198068618774e-02
0.000000000000000000e+00 2.365231700241565704e-02
0.000000000000000000e+00 2.370051108300685883e-02
0.000000000000000000e+00 2.371639013290405273e-02
0.000000000000000000e+00 2.372425049543380737e-02
0.000000000000000000e+00 2.373902499675750732e-02
0.000000000000000000e+00 2.374909445643424988e-02
0.000000000000000000e+00 2.383413910865783691e-02
0.000000000000000000e+00 2.386492677032947540e-02
0.000000000000000000e+00 2.391717955470085144e-02
0.000000000000000000e+00 2.392425015568733215e-02
0.000000000000000000e+00 2.393102832138538361e-02
0.000000000000000000e+00 2.405450306832790375e-02
0.000000000000000000e+00 2.414167113602161407e-02
0.000000000000000000e+00 2.416946738958358765e-02
0.000000000000000000e+00 2.419154718518257141e-02
0.000000000000000000e+00 2.419301494956016541e-02
0.000000000000000000e+00 2.427412755787372589e-02
0.000000000000000000e+00 2.428654767572879791e-02
0.000000000000000000e+00 2.429449930787086487e-02
0.000000000000000000e+00 2.429932542145252228e-02
0.000000000000000000e+00 2.440722472965717316e-02
0.000000000000000000e+00 2.447124011814594269e-02
0.000000000000000000e+00 2.465360052883625031e-02
0.000000000000000000e+00 2.476388588547706604e-02
0.000000000000000000e+00 2.477094903588294983e-02
0.000000000000000000e+00 2.486658096313476562e-02
0.000000000000000000e+00 2.487786859273910522e-02
0.000000000000000000e+00 2.494188956916332245e-02
0.000000000000000000e+00 2.501443214714527130e-02
0.000000000000000000e+00 2.501537092030048370e-02
0.000000000000000000e+00 2.505387738347053528e-02
0.000000000000000000e+00 2.515053190290927887e-02
0.000000000000000000e+00 2.516481280326843262e-02
0.000000000000000000e+00 2.516982890665531158e-02
0.000000000000000000e+00 2.520404011011123657e-02
0.000000000000000000e+00 2.520699240267276764e-02
0.000000000000000000e+00 2.530730888247489929e-02
0.000000000000000000e+00 2.532171458005905151e-02
0.000000000000000000e+00 2.534099481999874115e-02
0.000000000000000000e+00 2.544852904975414276e-02
0.000000000000000000e+00 2.550947479903697968e-02
0.000000000000000000e+00 2.557939104735851288e-02
0.000000000000000000e+00 2.559418790042400360e-02
0.000000000000000000e+00 2.574467472732067108e-02
0.000000000000000000e+00 2.582264505326747894e-02
0.000000000000000000e+00 2.585393376648426056e-02
0.000000000000000000e+00 2.586320042610168457e-02
0.000000000000000000e+00 2.589355781674385071e-02
0.000000000000000000e+00 2.590370550751686096e-02
0.000000000000000000e+00 2.601021528244018555e-02
0.000000000000000000e+00 2.605397067964076996e-02
0.000000000000000000e+00 2.613618783652782440e-02
0.000000000000000000e+00 2.614366821944713593e-02
0.000000000000000000e+00 2.621706388890743256e-02
0.000000000000000000e+00 2.622922323644161224e-02
0.000000000000000000e+00 2.625818923115730286e-02
0.000000000000000000e+00 2.627164497971534729e-02
0.000000000000000000e+00 2.642649970948696136e-02
0.000000000000000000e+00 2.650639787316322327e-02
0.000000000000000000e+00 2.657569572329521179e-02
0.000000000000000000e+00 2.667537145316600800e-02
0.000000000000000000e+00 2.667758427560329437e-02
0.000000000000000000e+00 2.676622383296489716e-02
0.000000000000000000e+00 2.690995670855045319e-02
0.000000000000000000e+00 2.693514712154865265e-02
0.000000000000000000e+00 2.695862203836441040e-02
0.000000000000000000e+00 2.697737887501716614e-02
0.000000000000000000e+00 2.710583806037902832e-02
0.000000000000000000e+00 2.723434194922447205e-02
0.000000000000000000e+00 2.726145833730697632e-02
0.000000000000000000e+00 2.728971280157566071e-02
0.000000000000000000e+00 2.751800976693630219e-02
0.000000000000000000e+00 2.755445986986160278e-02
0.000000000000000000e+00 2.755913324654102325e-02
0.000000000000000000e+00 2.762173675000667572e-02
0.000000000000000000e+00 2.771894074976444244e-02
0.000000000000000000e+00 2.773113362491130829e-02
0.000000000000000000e+00 2.774313092231750488e-02
0.000000000000000000e+00 2.791488170623779297e-02
0.000000000000000000e+00 2.799849584698677063e-02
0.000000000000000000e+00 2.800472080707550049e-02
0.000000000000000000e+00 2.810548059642314911e-02
0.000000000000000000e+00 2.817229926586151123e-02
0.000000000000000000e+00 2.818480506539344788e-02
0.000000000000000000e+00 2.818511240184307098e-02
0.000000000000000000e+00 2.822405472397804260e-02
0.000000000000000000e+00 2.823394723236560822e-02
0.000000000000000000e+00 2.826179936528205872e-02
0.000000000000000000e+00 2.834552340209484100e-02
0.000000000000000000e+00 2.842876873910427094e-02
0.000000000000000000e+00 2.845952287316322327e-02
0.000000000000000000e+00 2.847865596413612366e-02
0.000000000000000000e+00 2.851171977818012238e-02
0.000000000000000000e+00 2.856613136827945709e-02
0.000000000000000000e+00 2.858886681497097015e-02
0.000000000000000000e+00 2.860852517187595367e-02
0.000000000000000000e+00 2.861382253468036652e-02
0.000000000000000000e+00 2.862426079809665680e-02
0.000000000000000000e+00 2.865615300834178925e-02
0.000000000000000000e+00 2.871472015976905823e-02
0.000000000000000000e+00 2.871583774685859680e-02
0.000000000000000000e+00 2.887009270489215851e-02
0.000000000000000000e+00 2.896088548004627228e-02
0.000000000000000000e+00 2.897570841014385223e-02
0.000000000000000000e+00 2.900138683617115021e-02
0.000000000000000000e+00 2.907574176788330078e-02
0.000000000000000000e+00 2.908849157392978668e-02
0.000000000000000000e+00 2.912593819200992584e-02
0.000000000000000000e+00 2.913000062108039856e-02
0.000000000000000000e+00 2.913574315607547760e-02
0.000000000000000000e+00 2.917632088065147400e-02
0.000000000000000000e+00 2.918338589370250702e-02
0.000000000000000000e+00 2.921803109347820282e-02
0.000000000000000000e+00 2.922023087739944458e-02
0.000000000000000000e+00 2.927435748279094696e-02
0.000000000000000000e+00 2.927502058446407318e-02
0.000000000000000000e+00 2.936863154172897339e-02
0.000000000000000000e+00 2.936962619423866272e-02
0.000000000000000000e+00 2.939081192016601562e-02
0.000000000000000000e+00 2.967544645071029663e-02
0.000000000000000000e+00 2.967566624283790588e-02
0.000000000000000000e+00 2.968733198940753937e-02
0.000000000000000000e+00 2.969884686172008514e-02
0.000000000000000000e+00 2.980691008269786835e-02
0.000000000000000000e+00 2.983504720032215118e-02
0.000000000000000000e+00 2.993134222924709320e-02
0.000000000000000000e+00 2.997147105634212494e-02
0.000000000000000000e+00 3.002898953855037689e-02
0.000000000000000000e+00 3.003258258104324341e-02
0.000000000000000000e+00 3.004959039390087128e-02
0.000000000000000000e+00 3.007856942713260651e-02
0.000000000000000000e+00 3.010268881916999817e-02
0.000000000000000000e+00 3.016063384711742401e-02
0.000000000000000000e+00 3.017849102616310120e-02
0.000000000000000000e+00 3.030491620302200317e-02
0.000000000000000000e+00 3.032354265451431274e-02
0.000000000000000000e+00 3.036619164049625397e-02
0.000000000000000000e+00 3.037364222109317780e-02
0.000000000000000000e+00 3.039830550551414490e-02
0.000000000000000000e+00 3.043729811906814575e-02
0.000000000000000000e+00 3.044708818197250366e-02
0.000000000000000000e+00 3.045161813497543335e-02
0.000000000000000000e+00 3.047382459044456482e-02
0.000000000000000000e+00 3.050219640135765076e-02
0.000000000000000000e+00 3.050784766674041748e-02
0.000000000000000000e+00 3.053230419754981995e-02
0.000000000000000000e+00 3.068147227168083191e-02
0.000000000000000000e+00 3.069633804261684418e-02
0.000000000000000000e+00 3.069968335330486298e-02
0.000000000000000000e+00 3.072595223784446716e-02
0.000000000000000000e+00 3.073822520673274994e-02
0.000000000000000000e+00 3.089912794530391693e-02
0.000000000000000000e+00 3.099482692778110504e-02
0.000000000000000000e+00 3.105133399367332458e-02
0.000000000000000000e+00 3.106834366917610168e-02
0.000000000000000000e+00 3.112226910889148712e-02
0.000000000000000000e+00 3.116407059133052826e-02
0.000000000000000000e+00 3.117092140018939972e-02
0.000000000000000000e+00 3.117738291621208191e-02
0.000000000000000000e+00 3.117938339710235596e-02
0.000000000000000000e+00 3.121747262775897980e-02
0.000000000000000000e+00 3.125147894024848938e-02
0.000000000000000000e+00 3.131251782178878784e-02
0.000000000000000000e+00 3.131709247827529907e-02
0.000000000000000000e+00 3.146246820688247681e-02
0.000000000000000000e+00 3.153271973133087158e-02
0.000000000000000000e+00 3.156796097755432129e-02
0.000000000000000000e+00 3.158874437212944031e-02
0.000000000000000000e+00 3.163425996899604797e-02
0.000000000000000000e+00 3.171990439295768738e-02
0.000000000000000000e+00 3.174402564764022827e-02
0.000000000000000000e+00 3.177076205611228943e-02
0.000000000000000000e+00 3.191325068473815918e-02
0.000000000000000000e+00 3.209805116057395935e-02
0.000000000000000000e+00 3.215446695685386658e-02
0.000000000000000000e+00 3.216170147061347961e-02
0.000000000000000000e+00 3.219417110085487366e-02
0.000000000000000000e+00 3.223093599081039429e-02
0.000000000000000000e+00 3.223387524485588074e-02
0.000000000000000000e+00 3.223616257309913635e-02
0.000000000000000000e+00 3.227885812520980835e-02
0.000000000000000000e+00 3.237143531441688538e-02
0.000000000000000000e+00 3.241881355643272400e-02
0.000000000000000000e+00 3.244139254093170166e-02
0.000000000000000000e+00 3.255850076675415039e-02
0.000000000000000000e+00 3.257286548614501953e-02
0.000000000000000000e+00 3.262029588222503662e-02
0.000000000000000000e+00 3.262174502015113831e-02
0.000000000000000000e+00 3.267181664705276489e-02
0.000000000000000000e+00 3.274015709757804871e-02
0.000000000000000000e+00 3.279142826795578003e-02
0.000000000000000000e+00 3.281282633543014526e-02
0.000000000000000000e+00 3.281907737255096436e-02
0.000000000000000000e+00 3.283968195319175720e-02
0.000000000000000000e+00 3.287953138351440430e-02
0.000000000000000000e+00 3.289024904370307922e-02
0.000000000000000000e+00 3.292119503021240234e-02
0.000000000000000000e+00 3.304388746619224548e-02
0.000000000000000000e+00 3.309176117181777954e-02
0.000000000000000000e+00 3.313283994793891907e-02
0.000000000000000000e+00 3.329791128635406494e-02
0.000000000000000000e+00 3.334437310695648193e-02
0.000000000000000000e+00 3.337553516030311584e-02
0.000000000000000000e+00 3.352612629532814026e-02
0.000000000000000000e+00 3.355972468852996826e-02
0.000000000000000000e+00 3.369933739304542542e-02
0.000000000000000000e+00 3.377256169915199280e-02
0.000000000000000000e+00 3.378202766180038452e-02
0.000000000000000000e+00 3.378552943468093872e-02
0.000000000000000000e+00 3.382797911763191223e-02
0.000000000000000000e+00 3.382979333400726318e-02
0.000000000000000000e+00 3.398822993040084839e-02
0.000000000000000000e+00 3.403546288609504700e-02
0.000000000000000000e+00 3.422311693429946899e-02
0.000000000000000000e+00 3.422578424215316772e-02
0.000000000000000000e+00 3.423739969730377197e-02
0.000000000000000000e+00 3.431104496121406555e-02
0.000000000000000000e+00 3.440561145544052124e-02
0.000000000000000000e+00 3.456784784793853760e-02
0.000000000000000000e+00 3.457482531666755676e-02
0.000000000000000000e+00 3.458934277296066284e-02
0.000000000000000000e+00 3.458992391824722290e-02
0.000000000000000000e+00 3.478005528450012207e-02
0.000000000000000000e+00 3.478631749749183655e-02
0.000000000000000000e+00 3.483606502413749695e-02
0.000000000000000000e+00 3.487451374530792236e-02
0.000000000000000000e+00 3.488107770681381226e-02
0.000000000000000000e+00 3.491513058543205261e-02
0.000000000000000000e+00 3.494021669030189514e-02
0.000000000000000000e+00 3.499053046107292175e-02
0.000000000000000000e+00 3.508150205016136169e-02
0.000000000000000000e+00 3.513895347714424133e-02
0.000000000000000000e+00 3.518622368574142456e-02
0.000000000000000000e+00 3.527193143963813782e-02
0.000000000000000000e+00 3.530635312199592590e-02
0.000000000000000000e+00 3.532342240214347839e-02
0.000000000000000000e+00 3.535874560475349426e-02
0.000000000000000000e+00 3.538363426923751831e-02
0.000000000000000000e+00 3.538550063967704773e-02
0.000000000000000000e+00 3.547004237771034241e-02
0.000000000000000000e+00 3.555471450090408325e-02
0.000000000000000000e+00 3.558118641376495361e-02
0.000000000000000000e+00 3.566525503993034363e-02
0.000000000000000000e+00 3.570289537310600281e-02
0.000000000000000000e+00 3.573302179574966431e-02
0.000000000000000000e+00 3.576272726058959961e-02
0.000000000000000000e+00 3.577058017253875732e-02
0.000000000000000000e+00 3.580801561474800110e-02
0.000000000000000000e+00 3.587482869625091553e-02
0.000000000000000000e+00 3.589843586087226868e-02
0.000000000000000000e+00 3.590156137943267822e-02
0.000000000000000000e+00 3.594855591654777527e-02
0.000000000000000000e+00 3.596860915422439575e-02
0.000000000000000000e+00 3.607563301920890808e-02
0.000000000000000000e+00 3.609276935458183289e-02
0.000000000000000000e+00 3.622533753514289856e-02
0.000000000000000000e+00 3.631630167365074158e-02
0.000000000000000000e+00 3.644265234470367432e-02
0.000000000000000000e+00 3.656896576285362244e-02
0.000000000000000000e+00 3.672205656766891479e-02
0.000000000000000000e+00 3.681149333715438843e-02
0.000000000000000000e+00 3.684660792350769043e-02
0.000000000000000000e+00 3.689416497945785522e-02
0.000000000000000000e+00 3.690496459603309631e-02
0.000000000000000000e+00 3.702301532030105591e-02
0.000000000000000000e+00 3.705549612641334534e-02
0.000000000000000000e+00 3.710417822003364563e-02
0.000000000000000000e+00 3.711187094449996948e-02
0.000000000000000000e+00 3.715598583221435547e-02
0.000000000000000000e+00 3.720311447978019714e-02
0.000000000000000000e+00 3.727115690708160400e-02
0.000000000000000000e+00 3.733663633465766907e-02
0.000000000000000000e+00 3.734638169407844543e-02
0.000000000000000000e+00 3.739901632070541382e-02
0.000000000000000000e+00 3.742604330182075500e-02
0.000000000000000000e+00 3.750590607523918152e-02
0.000000000000000000e+00 3.755754977464675903e-02
0.000000000000000000e+00 3.766134381294250488e-02
0.000000000000000000e+00 3.775430098176002502e-02
0.000000000000000000e+00 3.777329251170158386e-02
0.000000000000000000e+00 3.788838535547256470e-02
0.000000000000000000e+00 3.793483600020408630e-02
0.000000000000000000e+00 3.795925155282020569e-02
0.000000000000000000e+00 3.803174570202827454e-02
0.000000000000000000e+00 3.804462030529975891e-02
0.000000000000000000e+00 3.804785758256912231e-02
0.000000000000000000e+00 3.805560246109962463e-02
0.000000000000000000e+00 3.812160715460777283e-02
0.000000000000000000e+00 3.815766796469688416e-02
0.000000000000000000e+00 3.819689154624938965e-02
0.000000000000000000e+00 3.819994628429412842e-02
0.000000000000000000e+00 3.820464015007019043e-02
0.000000000000000000e+00 3.823122382164001465e-02
0.000000000000000000e+00 3.833205625414848328e-02
0.000000000000000000e+00 3.834865242242813110e-02
0.000000000000000000e+00 3.846627846360206604e-02
0.000000000000000000e+00 3.848847374320030212e-02
0.000000000000000000e+00 3.850230947136878967e-02
0.000000000000000000e+00 3.853509575128555298e-02
0.000000000000000000e+00 3.858089447021484375e-02
0.000000000000000000e+00 3.873167559504508972e-02
0.000000000000000000e+00 3.873582184314727783e-02
0.000000000000000000e+00 3.878803178668022156e-02
0.000000000000000000e+00 3.885199874639511108e-02
0.000000000000000000e+00 3.886253759264945984e-02
0.000000000000000000e+00 3.887781128287315369e-02
0.000000000000000000e+00 3.892518579959869385e-02
0.000000000000000000e+00 3.894960507750511169e-02
0.000000000000000000e+00 3.900327906012535095e-02
0.000000000000000000e+00 3.901992738246917725e-02
0.000000000000000000e+00 3.911158069968223572e-02
0.000000000000000000e+00 3.913210332393646240e-02
0.000000000000000000e+00 3.914773836731910706e-02
0.000000000000000000e+00 3.915593400597572327e-02
0.000000000000000000e+00 3.920032083988189697e-02
0.000000000000000000e+00 3.921449929475784302e-02
0.000000000000000000e+00 3.935690596699714661e-02
0.000000000000000000e+00 3.943479433655738831e-02
0.000000000000000000e+00 3.945705667138099670e-02
0.000000000000000000e+00 3.961756452918052673e-02
0.000000000000000000e+00 3.981052711606025696e-02
0.000000000000000000e+00 3.981736674904823303e-02
0.000000000000000000e+00 3.982913121581077576e-02
0.000000000000000000e+00 3.986342251300811768e-02
0.000000000000000000e+00 3.990092873573303223e-02
0.000000000000000000e+00 3.996850922703742981e-02
0.000000000000000000e+00 3.997340425848960876e-02
0.000000000000000000e+00 3.999266028404235840e-02
0.000000000000000000e+00 4.018918052315711975e-02
0.000000000000000000e+00 4.019410163164138794e-02
0.000000000000000000e+00 4.032340273261070251e-02
0.000000000000000000e+00 4.034811630845069885e-02
0.000000000000000000e+00 4.036853089928627014e-02
0.000000000000000000e+00 4.038112238049507141e-02
0.000000000000000000e+00 4.047896713018417358e-02
0.000000000000000000e+00 4.051788523793220520e-02
0.000000000000000000e+00 4.059465602040290833e-02
0.000000000000000000e+00 4.065459594130516052e-02
0.000000000000000000e+00 4.075661674141883850e-02
0.000000000000000000e+00 4.081463813781738281e-02
0.000000000000000000e+00 4.087268933653831482e-02
0.000000000000000000e+00 4.089001193642616272e-02
0.000000000000000000e+00 4.089729860424995422e-02
0.000000000000000000e+00 4.094804823398590088e-02
0.000000000000000000e+00 4.127358272671699524e-02
0.000000000000000000e+00 4.128775000572204590e-02
0.000000000000000000e+00 4.129558429121971130e-02
0.000000000000000000e+00 4.138002917170524597e-02
0.000000000000000000e+00 4.138699173927307129e-02
0.000000000000000000e+00 4.147586598992347717e-02
0.000000000000000000e+00 4.152472689747810364e-02
0.000000000000000000e+00 4.161145910620689392e-02
0.000000000000000000e+00 4.164869710803031921e-02
0.000000000000000000e+00 4.164892807602882385e-02
0.000000000000000000e+00 4.165657982230186462e-02
0.000000000000000000e+00 4.171599447727203369e-02
0.000000000000000000e+00 4.183087870478630066e-02
0.000000000000000000e+00 4.189160838723182678e-02
0.000000000000000000e+00 4.202778637409210205e-02
0.000000000000000000e+00 4.210070520639419556e-02
0.000000000000000000e+00 4.219706356525421143e-02
0.000000000000000000e+00 4.226980358362197876e-02
0.000000000000000000e+00 4.253613948822021484e-02
0.000000000000000000e+00 4.261171072721481323e-02
0.000000000000000000e+00 4.269762337207794189e-02
0.000000000000000000e+00 4.277798905968666077e-02
0.000000000000000000e+00 4.278768226504325867e-02
0.000000000000000000e+00 4.285728931427001953e-02
0.000000000000000000e+00 4.290583729743957520e-02
0.000000000000000000e+00 4.291934520006179810e-02
0.000000000000000000e+00 4.311658814549446106e-02
0.000000000000000000e+00 4.318094998598098755e-02
0.000000000000000000e+00 4.318406432867050171e-02
0.000000000000000000e+00 4.344395175576210022e-02
0.000000000000000000e+00 4.354635253548622131e-02
0.000000000000000000e+00 4.360406100749969482e-02
0.000000000000000000e+00 4.361110553145408630e-02
0.000000000000000000e+00 4.361869767308235168e-02
0.000000000000000000e+00 4.362958669662475586e-02
0.000000000000000000e+00 4.371439665555953979e-02
0.000000000000000000e+00 4.396701976656913757e-02
0.000000000000000000e+00 4.397293552756309509e-02
0.000000000000000000e+00 4.400670900940895081e-02
0.000000000000000000e+00 4.431580379605293274e-02
0.000000000000000000e+00 4.432206228375434875e-02
0.000000000000000000e+00 4.441155493259429932e-02
0.000000000000000000e+00 4.443610832095146179e-02
0.000000000000000000e+00 4.448566958308219910e-02
0.000000000000000000e+00 4.454135149717330933e-02
0.000000000000000000e+00 4.460630565881729126e-02
0.000000000000000000e+00 4.466594383120536804e-02
0.000000000000000000e+00 4.468938708305358887e-02
0.000000000000000000e+00 4.470275342464447021e-02
0.000000000000000000e+00 4.478128626942634583e-02
0.000000000000000000e+00 4.480944946408271790e-02
0.000000000000000000e+00 4.482167214155197144e-02
0.000000000000000000e+00 4.488251358270645142e-02
0.000000000000000000e+00 4.488753154873847961e-02
0.000000000000000000e+00 4.494403302669525146e-02
0.000000000000000000e+00 4.496185109019279480e-02
0.000000000000000000e+00 4.496588930487632751e-02
0.000000000000000000e+00 4.502524808049201965e-02
0.000000000000000000e+00 4.506025090813636780e-02
0.000000000000000000e+00 4.508147016167640686e-02
0.000000000000000000e+00 4.508342966437339783e-02
0.000000000000000000e+00 4.509346932172775269e-02
0.000000000000000000e+00 4.510174691677093506e-02
0.000000000000000000e+00 4.511003568768501282e-02
0.000000000000000000e+00 4.521683976054191589e-02
0.000000000000000000e+00 4.528129473328590393e-02
0.000000000000000000e+00 4.532238841056823730e-02
0.000000000000000000e+00 4.536921903491020203e-02
0.000000000000000000e+00 4.551092535257339478e-02
0.000000000000000000e+00 4.558289051055908203e-02
0.000000000000000000e+00 4.565033689141273499e-02
0.000000000000000000e+00 4.565334320068359375e-02
0.000000000000000000e+00 4.573864862322807312e-02
0.000000000000000000e+00 4.576572030782699585e-02
0.000000000000000000e+00 4.586555808782577515e-02
0.000000000000000000e+00 4.593629017472267151e-02
0.000000000000000000e+00 4.594060033559799194e-02
0.000000000000000000e+00 4.596614465117454529e-02
0.000000000000000000e+00 4.602041468024253845e-02
0.000000000000000000e+00 4.603820666670799255e-02
0.000000000000000000e+00 4.606448486447334290e-02
0.000000000000000000e+00 4.606718569993972778e-02
0.000000000000000000e+00 4.610218107700347900e-02
0.000000000000000000e+00 4.615840315818786621e-02
0.000000000000000000e+00 4.616098105907440186e-02
0.000000000000000000e+00 4.616768658161163330e-02
0.000000000000000000e+00 4.623665660619735718e-02
0.000000000000000000e+00 4.628195241093635559e-02
0.000000000000000000e+00 4.632334783673286438e-02
0.000000000000000000e+00 4.632921144366264343e-02
0.000000000000000000e+00 4.635013639926910400e-02
0.000000000000000000e+00 4.641558974981307983e-02
0.000000000000000000e+00 4.645312950015068054e-02
0.000000000000000000e+00 4.646662995219230652e-02
0.000000000000000000e+00 4.649616032838821411e-02
0.000000000000000000e+00 4.653253406286239624e-02
0.000000000000000000e+00 4.655181989073753357e-02
0.000000000000000000e+00 4.661465063691139221e-02
0.000000000000000000e+00 4.662468656897544861e-02
0.000000000000000000e+00 4.673863574862480164e-02
0.000000000000000000e+00 4.680988192558288574e-02
0.000000000000000000e+00 4.684850946068763733e-02
0.000000000000000000e+00 4.686638712882995605e-02
0.000000000000000000e+00 4.689410328865051270e-02
0.000000000000000000e+00 4.690679162740707397e-02
0.000000000000000000e+00 4.691643640398979187e-02
0.000000000000000000e+00 4.694043844938278198e-02
0.000000000000000000e+00 4.698562249541282654e-02
0.000000000000000000e+00 4.703705757856369019e-02
0.000000000000000000e+00 4.721762612462043762e-02
0.000000000000000000e+00 4.725625365972518921e-02
0.000000000000000000e+00 4.725906997919082642e-02
0.000000000000000000e+00 4.731199890375137329e-02
0.000000000000000000e+00 4.738644883036613464e-02
0.000000000000000000e+00 4.740780591964721680e-02
0.000000000000000000e+00 4.755844548344612122e-02
0.000000000000000000e+00 4.757197946310043335e-02
0.000000000000000000e+00 4.763345047831535339e-02
0.000000000000000000e+00 4.770277813076972961e-02
0.000000000000000000e+00 4.775136336684226990e-02
0.000000000000000000e+00 4.779274016618728638e-02
0.000000000000000000e+00 4.779526218771934509e-02
0.000000000000000000e+00 4.785375669598579407e-02
0.000000000000000000e+00 4.789230227470397949e-02
0.000000000000000000e+00 4.791356995701789856e-02
0.000000000000000000e+00 4.793814197182655334e-02
0.000000000000000000e+00 4.794621840119361877e-02
0.000000000000000000e+00 4.795403778553009033e-02
0.000000000000000000e+00 4.797950759530067444e-02
0.000000000000000000e+00 4.803875461220741272e-02
0.000000000000000000e+00 4.805738478899002075e-02
0.000000000000000000e+00 4.808073118329048157e-02
0.000000000000000000e+00 4.812417551875114441e-02
0.000000000000000000e+00 4.813243076205253601e-02
0.000000000000000000e+00 4.819211736321449280e-02
0.000000000000000000e+00 4.822261258959770203e-02
0.000000000000000000e+00 4.843620210886001587e-02
0.000000000000000000e+00 4.844904318451881409e-02
0.000000000000000000e+00 4.854800179600715637e-02
0.000000000000000000e+00 4.864567890763282776e-02
0.000000000000000000e+00 4.870707169175148010e-02
0.000000000000000000e+00 4.894244298338890076e-02
0.000000000000000000e+00 4.896565154194831848e-02
0.000000000000000000e+00 4.906843602657318115e-02
0.000000000000000000e+00 4.909545555710792542e-02
0.000000000000000000e+00 4.915439710021018982e-02
0.000000000000000000e+00 4.930694028735160828e-02
0.000000000000000000e+00 4.932074621319770813e-02
0.000000000000000000e+00 4.940474033355712891e-02
0.000000000000000000e+00 4.947465285658836365e-02
0.000000000000000000e+00 4.952273517847061157e-02
0.000000000000000000e+00 4.954379796981811523e-02
0.000000000000000000e+00 4.955095052719116211e-02
0.000000000000000000e+00 4.955543950200080872e-02
0.000000000000000000e+00 4.955565556883811951e-02
0.000000000000000000e+00 4.957836121320724487e-02
0.000000000000000000e+00 4.959540069103240967e-02
0.000000000000000000e+00 4.962375760078430176e-02
0.000000000000000000e+00 4.962929338216781616e-02
0.000000000000000000e+00 4.970143735408782959e-02
0.000000000000000000e+00 4.977491497993469238e-02
0.000000000000000000e+00 4.980888962745666504e-02
0.000000000000000000e+00 4.984369501471519470e-02
0.000000000000000000e+00 4.986063763499259949e-02
0.000000000000000000e+00 4.994578659534454346e-02
0.000000000000000000e+00 5.000629648566246033e-02
0.000000000000000000e+00 5.001952126622200012e-02
0.000000000000000000e+00 5.007480084896087646e-02
0.000000000000000000e+00 5.014939606189727783e-02
0.000000000000000000e+00 5.020838975906372070e-02
0.000000000000000000e+00 5.044453218579292297e-02
0.000000000000000000e+00 5.059896782040596008e-02
0.000000000000000000e+00 5.061038956046104431e-02
0.000000000000000000e+00 5.073573812842369080e-02
0.000000000000000000e+00 5.074319988489151001e-02
0.000000000000000000e+00 5.088949576020240784e-02
0.000000000000000000e+00 5.091722309589385986e-02
0.000000000000000000e+00 5.093546211719512939e-02
0.000000000000000000e+00 5.101673677563667297e-02
0.000000000000000000e+00 5.102651193737983704e-02
0.000000000000000000e+00 5.142233520746231079e-02
0.000000000000000000e+00 5.145656690001487732e-02
0.000000000000000000e+00 5.146495625376701355e-02
0.000000000000000000e+00 5.158623307943344116e-02
0.000000000000000000e+00 5.163773894309997559e-02
0.000000000000000000e+00 5.174668878316879272e-02
0.000000000000000000e+00 5.184010416269302368e-02
0.000000000000000000e+00 5.194185674190521240e-02
0.000000000000000000e+00 5.195527896285057068e-02
0.000000000000000000e+00 5.199803039431571960e-02
0.000000000000000000e+00 5.199988558888435364e-02
0.000000000000000000e+00 5.209018290042877197e-02
0.000000000000000000e+00 5.210094153881072998e-02
0.000000000000000000e+00 5.222584307193756104e-02
0.000000000000000000e+00 5.226242542266845703e-02
0.000000000000000000e+00 5.236270278692245483e-02
0.000000000000000000e+00 5.237400531768798828e-02
0.000000000000000000e+00 5.249953269958496094e-02
0.000000000000000000e+00 5.257321149110794067e-02
0.000000000000000000e+00 5.264318361878395081e-02
0.000000000000000000e+00 5.272463709115982056e-02
0.000000000000000000e+00 5.294828489422798157e-02
0.000000000000000000e+00 5.305447056889533997e-02
0.000000000000000000e+00 5.311900749802589417e-02
0.000000000000000000e+00 5.316224321722984314e-02
0.000000000000000000e+00 5.316485837101936340e-02
0.000000000000000000e+00 5.316967889666557312e-02
0.000000000000000000e+00 5.320275574922561646e-02
0.000000000000000000e+00 5.322631448507308960e-02
0.000000000000000000e+00 5.328273028135299683e-02
0.000000000000000000e+00 5.334061011672019958e-02
0.000000000000000000e+00 5.335571244359016418e-02
0.000000000000000000e+00 5.343347415328025818e-02
0.000000000000000000e+00 5.344092100858688354e-02
0.000000000000000000e+00 5.344571173191070557e-02
0.000000000000000000e+00 5.350391566753387451e-02
0.000000000000000000e+00 5.365617200732231140e-02
0.000000000000000000e+00 5.370275303721427917e-02
0.000000000000000000e+00 5.395245924592018127e-02
0.000000000000000000e+00 5.407716706395149231e-02
0.000000000000000000e+00 5.407745018601417542e-02
0.000000000000000000e+00 5.423388257622718811e-02
0.000000000000000000e+00 5.429406836628913879e-02
0.000000000000000000e+00 5.431866645812988281e-02
0.000000000000000000e+00 5.435829982161521912e-02
0.000000000000000000e+00 5.461736768484115601e-02
0.000000000000000000e+00 5.484797433018684387e-02
0.000000000000000000e+00 5.486365780234336853e-02
0.000000000000000000e+00 5.488037690520286560e-02
0.000000000000000000e+00 5.489010736346244812e-02
0.000000000000000000e+00 5.493428930640220642e-02
0.000000000000000000e+00 5.501871183514595032e-02
0.000000000000000000e+00 5.526806414127349854e-02
0.000000000000000000e+00 5.533976107835769653e-02
0.000000000000000000e+00 5.535802617669105530e-02
0.000000000000000000e+00 5.535942316055297852e-02
0.000000000000000000e+00 5.537918582558631897e-02
0.000000000000000000e+00 5.543901398777961731e-02
0.000000000000000000e+00 5.547483637928962708e-02
0.000000000000000000e+00 5.557779967784881592e-02
0.000000000000000000e+00 5.565836280584335327e-02
0.000000000000000000e+00 5.566887557506561279e-02
0.000000000000000000e+00 5.576429143548011780e-02
0.000000000000000000e+00 5.593734979629516602e-02
0.000000000000000000e+00 5.606986582279205322e-02
0.000000000000000000e+00 5.617152899503707886e-02
0.000000000000000000e+00 5.617407336831092834e-02
0.000000000000000000e+00 5.622103065252304077e-02
0.000000000000000000e+00 5.622211843729019165e-02
0.000000000000000000e+00 5.626373738050460815e-02
0.000000000000000000e+00 5.632378533482551575e-02
0.000000000000000000e+00 5.638467520475387573e-02
0.000000000000000000e+00 5.646769329905509949e-02
0.000000000000000000e+00 5.653390288352966309e-02
0.000000000000000000e+00 5.654631182551383972e-02
0.000000000000000000e+00 5.661948770284652710e-02
0.000000000000000000e+00 5.671413615345954895e-02
0.000000000000000000e+00 5.701277405023574829e-02
0.000000000000000000e+00 5.704089254140853882e-02
0.000000000000000000e+00 5.707290768623352051e-02
0.000000000000000000e+00 5.724747851490974426e-02
0.000000000000000000e+00 5.726831033825874329e-02
0.000000000000000000e+00 5.731580406427383423e-02
0.000000000000000000e+00 5.739166587591171265e-02
0.000000000000000000e+00 5.744138732552528381e-02
0.000000000000000000e+00 5.754910781979560852e-02
0.000000000000000000e+00 5.756334215402603149e-02
0.000000000000000000e+00 5.766661092638969421e-02
0.000000000000000000e+00 5.776076391339302063e-02
0.000000000000000000e+00 5.777717754244804382e-02
0.000000000000000000e+00 5.790115892887115479e-02
0.000000000000000000e+00 5.810822919011116028e-02
0.000000000000000000e+00 5.810875445604324341e-02
0.000000000000000000e+00 5.811938270926475525e-02
0.000000000000000000e+00 5.815354734659194946e-02
0.000000000000000000e+00 5.815391615033149719e-02
0.000000000000000000e+00 5.819742381572723389e-02
0.000000000000000000e+00 5.839168280363082886e-02
0.000000000000000000e+00 5.841729789972305298e-02
0.000000000000000000e+00 5.846106633543968201e-02
0.000000000000000000e+00 5.848523229360580444e-02
0.000000000000000000e+00 5.849294736981391907e-02
0.000000000000000000e+00 5.858062207698822021e-02
0.000000000000000000e+00 5.863547325134277344e-02
0.000000000000000000e+00 5.868554860353469849e-02
0.000000000000000000e+00 5.868619680404663086e-02
0.000000000000000000e+00 5.873424559831619263e-02
0.000000000000000000e+00 5.900200456380844116e-02
0.000000000000000000e+00 5.903025716543197632e-02
0.000000000000000000e+00 5.907551571726799011e-02
0.000000000000000000e+00 5.922958254814147949e-02
0.000000000000000000e+00 5.934857949614524841e-02
0.000000000000000000e+00 5.950506031513214111e-02
0.000000000000000000e+00 5.951800197362899780e-02
0.000000000000000000e+00 5.959520488977432251e-02
0.000000000000000000e+00 5.972982197999954224e-02
0.000000000000000000e+00 5.989062041044235229e-02
0.000000000000000000e+00 6.001631170511245728e-02
0.000000000000000000e+00 6.031895056366920471e-02
0.000000000000000000e+00 6.046003848314285278e-02
0.000000000000000000e+00 6.048346683382987976e-02
0.000000000000000000e+00 6.060096994042396545e-02
0.000000000000000000e+00 6.061059236526489258e-02
0.000000000000000000e+00 6.061432883143424988e-02
0.000000000000000000e+00 6.073337793350219727e-02
0.000000000000000000e+00 6.076999381184577942e-02
0.000000000000000000e+00 6.077075004577636719e-02
0.000000000000000000e+00 6.079147756099700928e-02
0.000000000000000000e+00 6.099629402160644531e-02
0.000000000000000000e+00 6.122827902436256409e-02
0.000000000000000000e+00 6.132609397172927856e-02
0.000000000000000000e+00 6.136291846632957458e-02
0.000000000000000000e+00 6.143755093216896057e-02
0.000000000000000000e+00 6.162573024630546570e-02
0.000000000000000000e+00 6.190345808863639832e-02
0.000000000000000000e+00 6.192347779870033264e-02
0.000000000000000000e+00 6.216045469045639038e-02
0.000000000000000000e+00 6.224648281931877136e-02
0.000000000000000000e+00 6.262820959091186523e-02
0.000000000000000000e+00 6.266875565052032471e-02
0.000000000000000000e+00 6.270965933799743652e-02
0.000000000000000000e+00 6.274495273828506470e-02
0.000000000000000000e+00 6.298872828483581543e-02
0.000000000000000000e+00 6.301899254322052002e-02
0.000000000000000000e+00 6.311795115470886230e-02
0.000000000000000000e+00 6.312128156423568726e-02
0.000000000000000000e+00 6.316334754228591919e-02
0.000000000000000000e+00 6.333010643720626831e-02
0.000000000000000000e+00 6.345177441835403442e-02
0.000000000000000000e+00 6.346455961465835571e-02
0.000000000000000000e+00 6.346970051527023315e-02
0.000000000000000000e+00 6.348403543233871460e-02
0.000000000000000000e+00 6.362848728895187378e-02
0.000000000000000000e+00 6.367377936840057373e-02
0.000000000000000000e+00 6.371027231216430664e-02
0.000000000000000000e+00 6.375920772552490234e-02
0.000000000000000000e+00 6.376270949840545654e-02
0.000000000000000000e+00 6.381718069314956665e-02
0.000000000000000000e+00 6.383004784584045410e-02
0.000000000000000000e+00 6.383943557739257812e-02
0.000000000000000000e+00 6.384281069040298462e-02
0.000000000000000000e+00 6.391452252864837646e-02
0.000000000000000000e+00 6.410417705774307251e-02
0.000000000000000000e+00 6.412769854068756104e-02
0.000000000000000000e+00 6.447072327136993408e-02
0.000000000000000000e+00 6.467698514461517334e-02
0.000000000000000000e+00 6.469512730836868286e-02
0.000000000000000000e+00 6.479365378618240356e-02
0.000000000000000000e+00 6.493386626243591309e-02
0.000000000000000000e+00 6.498447805643081665e-02
0.000000000000000000e+00 6.501249223947525024e-02
0.000000000000000000e+00 6.526125222444534302e-02
0.000000000000000000e+00 6.535185873508453369e-02
0.000000000000000000e+00 6.547748297452926636e-02
0.000000000000000000e+00 6.549506634473800659e-02
0.000000000000000000e+00 6.551146507263183594e-02
0.000000000000000000e+00 6.565143913030624390e-02
0.000000000000000000e+00 6.566390395164489746e-02
0.000000000000000000e+00 6.567768007516860962e-02
0.000000000000000000e+00 6.583474576473236084e-02
0.000000000000000000e+00 6.600460410118103027e-02
0.000000000000000000e+00 6.603048741817474365e-02
0.000000000000000000e+00 6.616020202636718750e-02
0.000000000000000000e+00 6.625179201364517212e-02
0.000000000000000000e+00 6.631913036108016968e-02
0.000000000000000000e+00 6.640607118606567383e-02
0.000000000000000000e+00 6.642255187034606934e-02
0.000000000000000000e+00 6.657088547945022583e-02
0.000000000000000000e+00 6.665745377540588379e-02
0.000000000000000000e+00 6.670785695314407349e-02
0.000000000000000000e+00 6.692180037498474121e-02
0.000000000000000000e+00 6.704760342836380005e-02
0.000000000000000000e+00 6.705810874700546265e-02
0.000000000000000000e+00 6.708675622940063477e-02
0.000000000000000000e+00 6.727192550897598267e-02
0.000000000000000000e+00 6.728476285934448242e-02
0.000000000000000000e+00 6.728503853082656860e-02
0.000000000000000000e+00 6.746181100606918335e-02
0.000000000000000000e+00 6.749338656663894653e-02
0.000000000000000000e+00 6.757627427577972412e-02
0.000000000000000000e+00 6.764768064022064209e-02
0.000000000000000000e+00 6.790151447057723999e-02
0.000000000000000000e+00 6.809157133102416992e-02
0.000000000000000000e+00 6.821131706237792969e-02
0.000000000000000000e+00 6.829389929771423340e-02
0.000000000000000000e+00 6.833312660455703735e-02
0.000000000000000000e+00 6.851205229759216309e-02
0.000000000000000000e+00 6.860762089490890503e-02
0.000000000000000000e+00 6.875402480363845825e-02
0.000000000000000000e+00 6.878903508186340332e-02
0.000000000000000000e+00 6.880991905927658081e-02
0.000000000000000000e+00 6.885551661252975464e-02
0.000000000000000000e+00 6.885956972837448120e-02
0.000000000000000000e+00 6.897765398025512695e-02
0.000000000000000000e+00 6.897845864295959473e-02
0.000000000000000000e+00 6.908894330263137817e-02
0.000000000000000000e+00 6.911107897758483887e-02
0.000000000000000000e+00 6.919566541910171509e-02
0.000000000000000000e+00 6.933687627315521240e-02
0.000000000000000000e+00 6.935713440179824829e-02
0.000000000000000000e+00 6.994831562042236328e-02
0.000000000000000000e+00 7.009532302618026733e-02
0.000000000000000000e+00 7.045998424291610718e-02
0.000000000000000000e+00 7.071866840124130249e-02
0.000000000000000000e+00 7.077108323574066162e-02
0.000000000000000000e+00 7.151038199663162231e-02
0.000000000000000000e+00 7.180020958185195923e-02
0.000000000000000000e+00 7.188669592142105103e-02
0.000000000000000000e+00 7.193411886692047119e-02
0.000000000000000000e+00 7.202573865652084351e-02
0.000000000000000000e+00 7.245431095361709595e-02
0.000000000000000000e+00 7.250853627920150757e-02
0.000000000000000000e+00 7.258465141057968140e-02
0.000000000000000000e+00 7.263747602701187134e-02
0.000000000000000000e+00 7.292257249355316162e-02
0.000000000000000000e+00 7.303077727556228638e-02
0.000000000000000000e+00 7.306313514709472656e-02
0.000000000000000000e+00 7.346880435943603516e-02
0.000000000000000000e+00 7.348176091909408569e-02
0.000000000000000000e+00 7.356303185224533081e-02
0.000000000000000000e+00 7.365886121988296509e-02
0.000000000000000000e+00 7.385349273681640625e-02
0.000000000000000000e+00 7.386343926191329956e-02
0.000000000000000000e+00 7.436335831880569458e-02
0.000000000000000000e+00 7.454298436641693115e-02
0.000000000000000000e+00 7.471193373203277588e-02
0.000000000000000000e+00 7.477635890245437622e-02
0.000000000000000000e+00 7.483137398958206177e-02
0.000000000000000000e+00 7.519463449716567993e-02
0.000000000000000000e+00 7.534767687320709229e-02
0.000000000000000000e+00 7.549787312746047974e-02
0.000000000000000000e+00 7.575502246618270874e-02
0.000000000000000000e+00 7.577124983072280884e-02
0.000000000000000000e+00 7.604863494634628296e-02
0.000000000000000000e+00 7.662478834390640259e-02
0.000000000000000000e+00 7.701765000820159912e-02
0.000000000000000000e+00 7.719106972217559814e-02
0.000000000000000000e+00 7.731103897094726562e-02
0.000000000000000000e+00 7.774306833744049072e-02
0.000000000000000000e+00 7.788500189781188965e-02
0.000000000000000000e+00 7.808160036802291870e-02
0.000000000000000000e+00 7.821489125490188599e-02
0.000000000000000000e+00 7.866246998310089111e-02
0.000000000000000000e+00 7.883872091770172119e-02
0.000000000000000000e+00 8.025415986776351929e-02
0.000000000000000000e+00 8.029706031084060669e-02
0.000000000000000000e+00 8.030308037996292114e-02
0.000000000000000000e+00 8.030875027179718018e-02
0.000000000000000000e+00 8.032568544149398804e-02
0.000000000000000000e+00 8.099218457937240601e-02
0.000000000000000000e+00 8.152799308300018311e-02
0.000000000000000000e+00 8.278597146272659302e-02
0.000000000000000000e+00 8.356487751007080078e-02
0.000000000000000000e+00 8.543621748685836792e-02
0.000000000000000000e+00 8.942383527755737305e-02
0.000000000000000000e+00 9.355339407920837402e-02
0.000000000000000000e+00 inf
