0.000000000000000000e+00 2.077680546790361404e-03
0.000000000000000000e+00 3.874063491821289062e-03
0.000000000000000000e+00 3.964139614254236221e-03
0.000000000000000000e+00 4.450395703315734863e-03
0.000000000000000000e+00 4.997558426111936569e-03
0.000000000000000000e+00 5.444253794848918915e-03
0.000000000000000000e+00 5.456778686493635178e-03
0.000000000000000000e+00 5.528936628252267838e-03
0.000000000000000000e+00 7.292553782463073730e-03
0.000000000000000000e+00 8.045502938330173492e-03
0.000000000000000000e+00 8.239081129431724548e-03
0.000000000000000000e+00 9.506069123744964600e-03
0.000000000000000000e+00 9.553846903145313263e-03
0.000000000000000000e+00 1.078193355351686478e-02
0.000000000000000000e+00 1.078675035387277603e-02
0.000000000000000000e+00 1.123248878866434097e-02
0.000000000000000000e+00 1.174830552190542221e-02
0.000000000000000000e+00 1.189752947539091110e-02
0.000000000000000000e+00 1.251207385212182999e-02
0.000000000000000000e+00 1.259441860020160675e-02
0.000000000000000000e+00 1.267854217439889908e-02
0.000000000000000000e+00 1.281426846981048584e-02
0.000000000000000000e+00 1.292853988707065582e-02
0.000000000000000000e+00 1.302523352205753326e-02
0.000000000000000000e+00 1.309463661164045334e-02
0.000000000000000000e+00 1.374313235282897949e-02
0.000000000000000000e+00 1.429854985326528549e-02
0.000000000000000000e+00 1.436652801930904388e-02
0.000000000000000000e+00 1.452470012009143829e-02
0.000000000000000000e+00 1.460009627044200897e-02
0.000000000000000000e+00 1.504799723625183105e-02
0.000000000000000000e+00 1.513286400586366653e-02
0.000000000000000000e+00 1.550071034580469131e-02
0.000000000000000000e+00 1.642938144505023956e-02
0.000000000000000000e+00 1.650139130651950836e-02
0.000000000000000000e+00 1.654554903507232666e-02
0.000000000000000000e+00 1.716026291251182556e-02
0.000000000000000000e+00 1.723027415573596954e-02
0.000000000000000000e+00 1.742794550955295563e-02
0.000000000000000000e+00 1.749541610479354858e-02
0.000000000000000000e+00 1.789234578609466553e-02
0.000000000000000000e+00 1.793698221445083618e-02
0.000000000000000000e+00 1.805709674954414368e-02
0.000000000000000000e+00 1.805956847965717316e-02
0.000000000000000000e+00 1.827637106180191040e-02
0.000000000000000000e+00 1.840307936072349548e-02
0.000000000000000000e+00 1.863670907914638519e-02
0.000000000000000000e+00 1.867804862558841705e-02
0.000000000000000000e+00 1.867822743952274323e-02
0.000000000000000000e+00 1.930535584688186646e-02
0.000000000000000000e+00 1.952810399234294891e-02
0.000000000000000000e+00 1.968102343380451202e-02
0.000000000000000000e+00 1.983427442610263824e-02
0.000000000000000000e+00 1.984256133437156677e-02
0.000000000000000000e+00 1.987315341830253601e-02
0.000000000000000000e+00 1.991660520434379578e-02
0.000000000000000000e+00 1.993414014577865601e-02
0.000000000000000000e+00 1.993785798549652100e-02
0.000000000000000000e+00 2.013485692441463470e-02
0.000000000000000000e+00 2.014749683439731598e-02
0.000000000000000000e+00 2.024928666651248932e-02
0.000000000000000000e+00 2.093463391065597534e-02
0.000000000000000000e+00 2.130801603198051453e-02
0.000000000000000000e+00 2.142426930367946625e-02
0.000000000000000000e+00 2.148843556642532349e-02
0.000000000000000000e+00 2.153618447482585907e-02
0.000000000000000000e+00 2.163152582943439484e-02
0.000000000000000000e+00 2.188695780932903290e-02
0.000000000000000000e+00 2.209085226058959961e-02
0.000000000000000000e+00 2.226679958403110504e-02
0.000000000000000000e+00 2.242591977119445801e-02
0.000000000000000000e+00 2.252895757555961609e-02
0.000000000000000000e+00 2.254349365830421448e-02
0.000000000000000000e+00 2.264941670000553131e-02
0.000000000000000000e+00 2.295635454356670380e-02
0.000000000000000000e+00 2.302540466189384460e-02
0.000000000000000000e+00 2.310404740273952484e-02
0.000000000000000000e+00 2.317948266863822937e-02
0.000000000000000000e+00 2.376933582127094269e-02
0.000000000000000000e+00 2.404801733791828156e-02
0.000000000000000000e+00 2.420584671199321747e-02
0.000000000000000000e+00 2.422885224223136902e-02
0.000000000000000000e+00 2.448843978345394135e-02
0.000000000000000000e+00 2.463379688560962677e-02
0.000000000000000000e+00 2.492462657392024994e-02
0.000000000000000000e+00 2.493394166231155396e-02
0.000000000000000000e+00 2.505027130246162415e-02
0.000000000000000000e+00 2.518172375857830048e-02
0.000000000000000000e+00 2.526997961103916168e-02
0.000000000000000000e+00 2.546282112598419189e-02
0.000000000000000000e+00 2.551124803721904755e-02
0.000000000000000000e+00 2.552220970392227173e-02
0.000000000000000000e+00 2.569182403385639191e-02
0.000000000000000000e+00 2.605157531797885895e-02
0.000000000000000000e+00 2.613260783255100250e-02
0.000000000000000000e+00 2.631802111864089966e-02
0.000000000000000000e+00 2.650939486920833588e-02
0.000000000000000000e+00 2.651575766503810883e-02
0.000000000000000000e+00 2.684325724840164185e-02
0.000000000000000000e+00 2.699707262217998505e-02
0.000000000000000000e+00 2.739793248474597931e-02
0.000000000000000000e+00 2.741725184023380280e-02
0.000000000000000000e+00 2.743573673069477081e-02
0.000000000000000000e+00 2.749105729162693024e-02
0.000000000000000000e+00 2.756864205002784729e-02
0.000000000000000000e+00 2.763691172003746033e-02
0.000000000000000000e+00 2.773198857903480530e-02
0.000000000000000000e+00 2.788042649626731873e-02
0.000000000000000000e+00 2.790063992142677307e-02
0.000000000000000000e+00 2.802857384085655212e-02
0.000000000000000000e+00 2.806255593895912170e-02
0.000000000000000000e+00 2.806424349546432495e-02
0.000000000000000000e+00 2.823936380445957184e-02
0.000000000000000000e+00 2.836211957037448883e-02
0.000000000000000000e+00 2.847956866025924683e-02
0.000000000000000000e+00 2.850076556205749512e-02
0.000000000000000000e+00 2.864145487546920776e-02
0.000000000000000000e+00 2.864197082817554474e-02
0.000000000000000000e+00 2.878362499177455902e-02
0.000000000000000000e+00 2.892011031508445740e-02
0.000000000000000000e+00 2.895724587142467499e-02
0.000000000000000000e+00 2.898789383471012115e-02
0.000000000000000000e+00 2.903227694332599640e-02
0.000000000000000000e+00 2.920663170516490936e-02
0.000000000000000000e+00 2.958710864186286926e-02
0.000000000000000000e+00 2.977146580815315247e-02
0.000000000000000000e+00 2.983712404966354370e-02
0.000000000000000000e+00 3.019729442894458771e-02
0.000000000000000000e+00 3.020659647881984711e-02
0.000000000000000000e+00 3.021457605063915253e-02
0.000000000000000000e+00 3.022871166467666626e-02
0.000000000000000000e+00 3.024840354919433594e-02
0.000000000000000000e+00 3.037639521062374115e-02
0.000000000000000000e+00 3.038110584020614624e-02
0.000000000000000000e+00 3.038457967340946198e-02
0.000000000000000000e+00 3.041088953614234924e-02
0.000000000000000000e+00 3.053321316838264465e-02
0.000000000000000000e+00 3.069156780838966370e-02
0.000000000000000000e+00 3.075275383889675140e-02
0.000000000000000000e+00 3.083657100796699524e-02
0.000000000000000000e+00 3.086313419044017792e-02
0.000000000000000000e+00 3.095281310379505157e-02
0.000000000000000000e+00 3.134872764348983765e-02
0.000000000000000000e+00 3.141457960009574890e-02
0.000000000000000000e+00 3.148154169321060181e-02
0.000000000000000000e+00 3.148689493536949158e-02
0.000000000000000000e+00 3.154681995511054993e-02
0.000000000000000000e+00 3.154888749122619629e-02
0.000000000000000000e+00 3.160620108246803284e-02
0.000000000000000000e+00 3.165606036782264709e-02
0.000000000000000000e+00 3.167843073606491089e-02
0.000000000000000000e+00 3.173762932419776917e-02
0.000000000000000000e+00 3.182039037346839905e-02
0.000000000000000000e+00 3.198216482996940613e-02
0.000000000000000000e+00 3.217145428061485291e-02
0.000000000000000000e+00 3.218417242169380188e-02
0.000000000000000000e+00 3.224013373255729675e-02
0.000000000000000000e+00 3.234224393963813782e-02
0.000000000000000000e+00 3.236383199691772461e-02
0.000000000000000000e+00 3.236804530024528503e-02
0.000000000000000000e+00 3.240306302905082703e-02
0.000000000000000000e+00 3.252777829766273499e-02
0.000000000000000000e+00 3.255864605307579041e-02
0.000000000000000000e+00 3.258908912539482117e-02
0.000000000000000000e+00 3.272322192788124084e-02
0.000000000000000000e+00 3.277365118265151978e-02
0.000000000000000000e+00 3.289646282792091370e-02
0.000000000000000000e+00 3.299239650368690491e-02
0.000000000000000000e+00 3.301893547177314758e-02
0.000000000000000000e+00 3.304187953472137451e-02
0.000000000000000000e+00 3.306151926517486572e-02
0.000000000000000000e+00 3.309631347656250000e-02
0.000000000000000000e+00 3.309864550828933716e-02
0.000000000000000000e+00 3.321883827447891235e-02
0.000000000000000000e+00 3.326443210244178772e-02
0.000000000000000000e+00 3.327382355928421021e-02
0.000000000000000000e+00 3.328596055507659912e-02
0.000000000000000000e+00 3.335896879434585571e-02
0.000000000000000000e+00 3.336085379123687744e-02
0.000000000000000000e+00 3.341876342892646790e-02
0.000000000000000000e+00 3.344887122511863708e-02
0.000000000000000000e+00 3.347100690007209778e-02
0.000000000000000000e+00 3.372411057353019714e-02
0.000000000000000000e+00 3.386114537715911865e-02
0.000000000000000000e+00 3.389075770974159241e-02
0.000000000000000000e+00 3.391800820827484131e-02
0.000000000000000000e+00 3.395575284957885742e-02
0.000000000000000000e+00 3.407017514109611511e-02
0.000000000000000000e+00 3.410016372799873352e-02
0.000000000000000000e+00 3.417744487524032593e-02
0.000000000000000000e+00 3.435477986931800842e-02
0.000000000000000000e+00 3.443060815334320068e-02
0.000000000000000000e+00 3.443584591150283813e-02
0.000000000000000000e+00 3.446702659130096436e-02
0.000000000000000000e+00 3.464419767260551453e-02
0.000000000000000000e+00 3.486846387386322021e-02
0.000000000000000000e+00 3.486943617463111877e-02
0.000000000000000000e+00 3.491262719035148621e-02
0.000000000000000000e+00 3.501746058464050293e-02
0.000000000000000000e+00 3.502650186419487000e-02
0.000000000000000000e+00 3.508005291223526001e-02
0.000000000000000000e+00 3.515038639307022095e-02
0.000000000000000000e+00 3.521835058927536011e-02
0.000000000000000000e+00 3.532542288303375244e-02
0.000000000000000000e+00 3.552238643169403076e-02
0.000000000000000000e+00 3.568426147103309631e-02
0.000000000000000000e+00 3.578889369964599609e-02
0.000000000000000000e+00 3.584191948175430298e-02
0.000000000000000000e+00 3.591167181730270386e-02
0.000000000000000000e+00 3.602424636483192444e-02
0.000000000000000000e+00 3.614995628595352173e-02
0.000000000000000000e+00 3.633077815175056458e-02
0.000000000000000000e+00 3.645374998450279236e-02
0.000000000000000000e+00 3.661945089697837830e-02
0.000000000000000000e+00 3.665128350257873535e-02
0.000000000000000000e+00 3.667236492037773132e-02
0.000000000000000000e+00 3.668912872672080994e-02
0.000000000000000000e+00 3.671529144048690796e-02
0.000000000000000000e+00 3.700070828199386597e-02
0.000000000000000000e+00 3.707328066229820251e-02
0.000000000000000000e+00 3.712552413344383240e-02
0.000000000000000000e+00 3.715437650680541992e-02
0.000000000000000000e+00 3.719555214047431946e-02
0.000000000000000000e+00 3.763975948095321655e-02
0.000000000000000000e+00 3.769456222653388977e-02
0.000000000000000000e+00 3.771393746137619019e-02
0.000000000000000000e+00 3.784254193305969238e-02
0.000000000000000000e+00 3.796314820647239685e-02
0.000000000000000000e+00 3.807380422949790955e-02
0.000000000000000000e+00 3.809672966599464417e-02
0.000000000000000000e+00 3.841163590550422668e-02
0.000000000000000000e+00 3.853143379092216492e-02
0.000000000000000000e+00 3.864545375108718872e-02
0.000000000000000000e+00 3.867360949516296387e-02
0.000000000000000000e+00 3.874250501394271851e-02
0.000000000000000000e+00 3.879251331090927124e-02
0.000000000000000000e+00 3.880579024553298950e-02
0.000000000000000000e+00 3.894930705428123474e-02
0.000000000000000000e+00 3.897669166326522827e-02
0.000000000000000000e+00 3.903700411319732666e-02
0.000000000000000000e+00 3.914439305663108826e-02
0.000000000000000000e+00 3.970410674810409546e-02
0.000000000000000000e+00 3.976387158036231995e-02
0.000000000000000000e+00 3.983637690544128418e-02
0.000000000000000000e+00 3.996818512678146362e-02
0.000000000000000000e+00 3.999071568250656128e-02
0.000000000000000000e+00 4.004362225532531738e-02
0.000000000000000000e+00 4.017079621553421021e-02
0.000000000000000000e+00 4.020203277468681335e-02
0.000000000000000000e+00 4.031253606081008911e-02
0.000000000000000000e+00 4.031295329332351685e-02
0.000000000000000000e+00 4.033184796571731567e-02
0.000000000000000000e+00 4.050726816058158875e-02
0.000000000000000000e+00 4.065012186765670776e-02
0.000000000000000000e+00 4.069311916828155518e-02
0.000000000000000000e+00 4.080113396048545837e-02
0.000000000000000000e+00 4.097485914826393127e-02
0.000000000000000000e+00 4.099685698747634888e-02
0.000000000000000000e+00 4.108173772692680359e-02
0.000000000000000000e+00 4.115457460284233093e-02
0.000000000000000000e+00 4.119470342993736267e-02
0.000000000000000000e+00 4.156554862856864929e-02
0.000000000000000000e+00 4.160584136843681335e-02
0.000000000000000000e+00 4.164578765630722046e-02
0.000000000000000000e+00 4.181985184550285339e-02
0.000000000000000000e+00 4.186052829027175903e-02
0.000000000000000000e+00 4.194251447916030884e-02
0.000000000000000000e+00 4.221536591649055481e-02
0.000000000000000000e+00 4.224665835499763489e-02
0.000000000000000000e+00 4.229519888758659363e-02
0.000000000000000000e+00 4.231075569987297058e-02
0.000000000000000000e+00 4.232344403862953186e-02
0.000000000000000000e+00 4.241306707262992859e-02
0.000000000000000000e+00 4.245409369468688965e-02
0.000000000000000000e+00 4.262721911072731018e-02
0.000000000000000000e+00 4.272031784057617188e-02
0.000000000000000000e+00 4.274564608931541443e-02
0.000000000000000000e+00 4.295331239700317383e-02
0.000000000000000000e+00 4.299112409353256226e-02
0.000000000000000000e+00 4.301745444536209106e-02
0.000000000000000000e+00 4.308816045522689819e-02
0.000000000000000000e+00 4.312468320131301880e-02
0.000000000000000000e+00 4.320278391242027283e-02
0.000000000000000000e+00 4.320568591356277466e-02
0.000000000000000000e+00 4.321983084082603455e-02
0.000000000000000000e+00 4.325056076049804688e-02
0.000000000000000000e+00 4.328347370028495789e-02
0.000000000000000000e+00 4.333962872624397278e-02
0.000000000000000000e+00 4.334142804145812988e-02
0.000000000000000000e+00 4.355608299374580383e-02
0.000000000000000000e+00 4.360340908169746399e-02
0.000000000000000000e+00 4.372933134436607361e-02
0.000000000000000000e+00 4.373693466186523438e-02
0.000000000000000000e+00 4.384807869791984558e-02
0.000000000000000000e+00 4.389442503452301025e-02
0.000000000000000000e+00 4.398085549473762512e-02
0.000000000000000000e+00 4.410591349005699158e-02
0.000000000000000000e+00 4.424480721354484558e-02
0.000000000000000000e+00 4.427503421902656555e-02
0.000000000000000000e+00 4.443529248237609863e-02
0.000000000000000000e+00 4.462996125221252441e-02
0.000000000000000000e+00 4.463667795062065125e-02
0.000000000000000000e+00 4.464545473456382751e-02
0.000000000000000000e+00 4.468864947557449341e-02
0.000000000000000000e+00 4.492664337158203125e-02
0.000000000000000000e+00 4.501807317137718201e-02
0.000000000000000000e+00 4.502832517027854919e-02
0.000000000000000000e+00 4.504746943712234497e-02
0.000000000000000000e+00 4.533886536955833435e-02
0.000000000000000000e+00 4.537040367722511292e-02
0.000000000000000000e+00 4.538786783814430237e-02
0.000000000000000000e+00 4.549200832843780518e-02
0.000000000000000000e+00 4.550032690167427063e-02
0.000000000000000000e+00 4.551708325743675232e-02
0.000000000000000000e+00 4.552061110734939575e-02
0.000000000000000000e+00 4.552685841917991638e-02
0.000000000000000000e+00 4.556118696928024292e-02
0.000000000000000000e+00 4.560163244605064392e-02
0.000000000000000000e+00 4.574483633041381836e-02
0.000000000000000000e+00 4.580833390355110168e-02
0.000000000000000000e+00 4.583358764648437500e-02
0.000000000000000000e+00 4.591772705316543579e-02
0.000000000000000000e+00 4.593158140778541565e-02
0.000000000000000000e+00 4.605939611792564392e-02
0.000000000000000000e+00 4.607577249407768250e-02
0.000000000000000000e+00 4.609688743948936462e-02
0.000000000000000000e+00 4.611222073435783386e-02
0.000000000000000000e+00 4.611813277006149292e-02
0.000000000000000000e+00 4.623881727457046509e-02
0.000000000000000000e+00 4.634688049554824829e-02
0.000000000000000000e+00 4.635008797049522400e-02
0.000000000000000000e+00 4.636775702238082886e-02
0.000000000000000000e+00 4.637296125292778015e-02
0.000000000000000000e+00 4.645447060465812683e-02
0.000000000000000000e+00 4.647300392389297485e-02
0.000000000000000000e+00 4.650431498885154724e-02
0.000000000000000000e+00 4.662132263183593750e-02
0.000000000000000000e+00 4.688725247979164124e-02
0.000000000000000000e+00 4.693488776683807373e-02
0.000000000000000000e+00 4.696156829595565796e-02
0.000000000000000000e+00 4.699468240141868591e-02
0.000000000000000000e+00 4.703501984477043152e-02
0.000000000000000000e+00 4.723090305924415588e-02
0.000000000000000000e+00 4.727756977081298828e-02
0.000000000000000000e+00 4.737013205885887146e-02
0.000000000000000000e+00 4.737896099686622620e-02
0.000000000000000000e+00 4.748630896210670471e-02
0.000000000000000000e+00 4.772361740469932556e-02
0.000000000000000000e+00 4.776621237397193909e-02
0.000000000000000000e+00 4.779944196343421936e-02
0.000000000000000000e+00 4.800441116094589233e-02
0.000000000000000000e+00 4.805407673120498657e-02
0.000000000000000000e+00 4.828007891774177551e-02
0.000000000000000000e+00 4.828697070479393005e-02
0.000000000000000000e+00 4.832371696829795837e-02
0.000000000000000000e+00 4.848311841487884521e-02
0.000000000000000000e+00 4.848545789718627930e-02
0.000000000000000000e+00 4.864141717553138733e-02
0.000000000000000000e+00 4.877850413322448730e-02
0.000000000000000000e+00 4.893841966986656189e-02
0.000000000000000000e+00 4.902574419975280762e-02
0.000000000000000000e+00 4.905465990304946899e-02
0.000000000000000000e+00 4.909330606460571289e-02
0.000000000000000000e+00 4.924811422824859619e-02
0.000000000000000000e+00 4.924903437495231628e-02
0.000000000000000000e+00 4.945372417569160461e-02
0.000000000000000000e+00 4.948086664080619812e-02
0.000000000000000000e+00 4.951259121298789978e-02
0.000000000000000000e+00 4.955751448869705200e-02
0.000000000000000000e+00 4.960396885871887207e-02
0.000000000000000000e+00 4.966342449188232422e-02
0.000000000000000000e+00 4.985017329454421997e-02
0.000000000000000000e+00 4.985581338405609131e-02
0.000000000000000000e+00 4.989572614431381226e-02
0.000000000000000000e+00 5.004137381911277771e-02
0.000000000000000000e+00 5.016123130917549133e-02
0.000000000000000000e+00 5.025169625878334045e-02
0.000000000000000000e+00 5.029696598649024963e-02
0.000000000000000000e+00 5.042302608489990234e-02
0.000000000000000000e+00 5.058603733777999878e-02
0.000000000000000000e+00 5.060735344886779785e-02
0.000000000000000000e+00 5.062749609351158142e-02
0.000000000000000000e+00 5.065360292792320251e-02
0.000000000000000000e+00 5.081765353679656982e-02
0.000000000000000000e+00 5.089664459228515625e-02
0.000000000000000000e+00 5.089899897575378418e-02
0.000000000000000000e+00 5.094126611948013306e-02
0.000000000000000000e+00 5.103309825062751770e-02
0.000000000000000000e+00 5.110887438058853149e-02
0.000000000000000000e+00 5.118370056152343750e-02
0.000000000000000000e+00 5.119770020246505737e-02
0.000000000000000000e+00 5.127508938312530518e-02
0.000000000000000000e+00 5.134849995374679565e-02
0.000000000000000000e+00 5.137859284877777100e-02
0.000000000000000000e+00 5.140022188425064087e-02
0.000000000000000000e+00 5.149722099304199219e-02
0.000000000000000000e+00 5.187076330184936523e-02
0.000000000000000000e+00 5.191954970359802246e-02
0.000000000000000000e+00 5.206320434808731079e-02
0.000000000000000000e+00 5.207930132746696472e-02
0.000000000000000000e+00 5.228598415851593018e-02
0.000000000000000000e+00 5.264072492718696594e-02
0.000000000000000000e+00 5.269742757081985474e-02
0.000000000000000000e+00 5.297844856977462769e-02
0.000000000000000000e+00 5.319292098283767700e-02
0.000000000000000000e+00 5.329044163227081299e-02
0.000000000000000000e+00 5.332252010703086853e-02
0.000000000000000000e+00 5.343467369675636292e-02
0.000000000000000000e+00 5.356174707412719727e-02
0.000000000000000000e+00 5.375029519200325012e-02
0.000000000000000000e+00 5.381985753774642944e-02
0.000000000000000000e+00 5.388609692454338074e-02
0.000000000000000000e+00 5.388884991407394409e-02
0.000000000000000000e+00 5.392776429653167725e-02
0.000000000000000000e+00 5.393178761005401611e-02
0.000000000000000000e+00 5.396623164415359497e-02
0.000000000000000000e+00 5.397166311740875244e-02
0.000000000000000000e+00 5.398280173540115356e-02
0.000000000000000000e+00 5.402696877717971802e-02
0.000000000000000000e+00 5.403199419379234314e-02
0.000000000000000000e+00 5.409508943557739258e-02
0.000000000000000000e+00 5.418078973889350891e-02
0.000000000000000000e+00 5.419094488024711609e-02
0.000000000000000000e+00 5.437937006354331970e-02
0.000000000000000000e+00 5.439938977360725403e-02
0.000000000000000000e+00 5.442081391811370850e-02
0.000000000000000000e+00 5.471544340252876282e-02
0.000000000000000000e+00 5.488539487123489380e-02
0.000000000000000000e+00 5.491079762578010559e-02
0.000000000000000000e+00 5.502574890851974487e-02
0.000000000000000000e+00 5.502639338374137878e-02
0.000000000000000000e+00 5.510964617133140564e-02
0.000000000000000000e+00 5.512327700853347778e-02
0.000000000000000000e+00 5.525411292910575867e-02
0.000000000000000000e+00 5.544715374708175659e-02
0.000000000000000000e+00 5.576430261135101318e-02
0.000000000000000000e+00 5.584555119276046753e-02
0.000000000000000000e+00 5.627250671386718750e-02
0.000000000000000000e+00 5.643662065267562866e-02
0.000000000000000000e+00 5.656841024756431580e-02
0.000000000000000000e+00 5.658655241131782532e-02
0.000000000000000000e+00 5.661926046013832092e-02
0.000000000000000000e+00 5.669230967760086060e-02
0.000000000000000000e+00 5.675730854272842407e-02
0.000000000000000000e+00 5.675869062542915344e-02
0.000000000000000000e+00 5.681740120053291321e-02
0.000000000000000000e+00 5.688538402318954468e-02
0.000000000000000000e+00 5.690884590148925781e-02
0.000000000000000000e+00 5.698288232088088989e-02
0.000000000000000000e+00 5.718887969851493835e-02
0.000000000000000000e+00 5.731476843357086182e-02
0.000000000000000000e+00 5.731890723109245300e-02
0.000000000000000000e+00 5.735414102673530579e-02
0.000000000000000000e+00 5.740671604871749878e-02
0.000000000000000000e+00 5.747143924236297607e-02
0.000000000000000000e+00 5.758033692836761475e-02
0.000000000000000000e+00 5.759934335947036743e-02
0.000000000000000000e+00 5.773225426673889160e-02
0.000000000000000000e+00 5.773964896798133850e-02
0.000000000000000000e+00 5.779194086790084839e-02
0.000000000000000000e+00 5.797163769602775574e-02
0.000000000000000000e+00 5.808184295892715454e-02
0.000000000000000000e+00 5.826907232403755188e-02
0.000000000000000000e+00 5.845037475228309631e-02
0.000000000000000000e+00 5.850524082779884338e-02
0.000000000000000000e+00 5.854703485965728760e-02
0.000000000000000000e+00 5.860514938831329346e-02
0.000000000000000000e+00 5.870050936937332153e-02
0.000000000000000000e+00 5.874914303421974182e-02
0.000000000000000000e+00 5.877004563808441162e-02
0.000000000000000000e+00 5.884305015206336975e-02
0.000000000000000000e+00 5.889101326465606689e-02
0.000000000000000000e+00 5.894104391336441040e-02
0.000000000000000000e+00 5.897388979792594910e-02
0.000000000000000000e+00 5.902696400880813599e-02
0.000000000000000000e+00 5.908069387078285217e-02
0.000000000000000000e+00 5.941972881555557251e-02
0.000000000000000000e+00 5.952680855989456177e-02
0.000000000000000000e+00 5.958425253629684448e-02
0.000000000000000000e+00 5.962673574686050415e-02
0.000000000000000000e+00 5.966409668326377869e-02
0.000000000000000000e+00 5.967737361788749695e-02
0.000000000000000000e+00 5.971313640475273132e-02
0.000000000000000000e+00 5.975691974163055420e-02
0.000000000000000000e+00 5.983429402112960815e-02
0.000000000000000000e+00 5.987796932458877563e-02
0.000000000000000000e+00 5.999436974525451660e-02
0.000000000000000000e+00 6.006743758916854858e-02
0.000000000000000000e+00 6.027018651366233826e-02
0.000000000000000000e+00 6.039771810173988342e-02
0.000000000000000000e+00 6.052541360259056091e-02
0.000000000000000000e+00 6.061129271984100342e-02
0.000000000000000000e+00 6.069923937320709229e-02
0.000000000000000000e+00 6.076598167419433594e-02
0.000000000000000000e+00 6.080872192978858948e-02
0.000000000000000000e+00 6.085272505879402161e-02
0.000000000000000000e+00 6.095797568559646606e-02
0.000000000000000000e+00 6.101689487695693970e-02
0.000000000000000000e+00 6.114795431494712830e-02
0.000000000000000000e+00 6.125312671065330505e-02
0.000000000000000000e+00 6.128939986228942871e-02
0.000000000000000000e+00 6.160032004117965698e-02
0.000000000000000000e+00 6.168694794178009033e-02
0.000000000000000000e+00 6.181703880429267883e-02
0.000000000000000000e+00 6.189632043242454529e-02
0.000000000000000000e+00 6.194335594773292542e-02
0.000000000000000000e+00 6.197381019592285156e-02
0.000000000000000000e+00 6.225102022290229797e-02
0.000000000000000000e+00 6.239160522818565369e-02
0.000000000000000000e+00 6.264164298772811890e-02
0.000000000000000000e+00 6.269194930791854858e-02
0.000000000000000000e+00 6.283611059188842773e-02
0.000000000000000000e+00 6.287980079650878906e-02
0.000000000000000000e+00 6.298223137855529785e-02
0.000000000000000000e+00 6.305852532386779785e-02
0.000000000000000000e+00 6.307125836610794067e-02
0.000000000000000000e+00 6.309067457914352417e-02
0.000000000000000000e+00 6.313160806894302368e-02
0.000000000000000000e+00 6.328804790973663330e-02
0.000000000000000000e+00 6.332416087388992310e-02
0.000000000000000000e+00 6.342557817697525024e-02
0.000000000000000000e+00 6.367640942335128784e-02
0.000000000000000000e+00 6.373289227485656738e-02
0.000000000000000000e+00 6.374824792146682739e-02
0.000000000000000000e+00 6.391575187444686890e-02
0.000000000000000000e+00 6.396769732236862183e-02
0.000000000000000000e+00 6.401400268077850342e-02
0.000000000000000000e+00 6.430032849311828613e-02
0.000000000000000000e+00 6.445221602916717529e-02
0.000000000000000000e+00 6.461650133132934570e-02
0.000000000000000000e+00 6.464934349060058594e-02
0.000000000000000000e+00 6.470482051372528076e-02
0.000000000000000000e+00 6.474123150110244751e-02
0.000000000000000000e+00 6.477982550859451294e-02
0.000000000000000000e+00 6.483665853738784790e-02
0.000000000000000000e+00 6.487227976322174072e-02
0.000000000000000000e+00 6.491658091545104980e-02
0.000000000000000000e+00 6.497173756361007690e-02
0.000000000000000000e+00 6.504766643047332764e-02
0.000000000000000000e+00 6.518930941820144653e-02
0.000000000000000000e+00 6.519665569067001343e-02
0.000000000000000000e+00 6.532727181911468506e-02
0.000000000000000000e+00 6.542701274156570435e-02
0.000000000000000000e+00 6.546360254287719727e-02
0.000000000000000000e+00 6.554553657770156860e-02
0.000000000000000000e+00 6.557166576385498047e-02
0.000000000000000000e+00 6.576296687126159668e-02
0.000000000000000000e+00 6.579113751649856567e-02
0.000000000000000000e+00 6.585884094238281250e-02
0.000000000000000000e+00 6.594888120889663696e-02
0.000000000000000000e+00 6.605537235736846924e-02
0.000000000000000000e+00 6.619585305452346802e-02
0.000000000000000000e+00 6.628770381212234497e-02
0.000000000000000000e+00 6.638111919164657593e-02
0.000000000000000000e+00 6.648185849189758301e-02
0.000000000000000000e+00 6.649947166442871094e-02
0.000000000000000000e+00 6.650102138519287109e-02
0.000000000000000000e+00 6.658191978931427002e-02
0.000000000000000000e+00 6.672892719507217407e-02
0.000000000000000000e+00 6.673247367143630981e-02
0.000000000000000000e+00 6.679989397525787354e-02
0.000000000000000000e+00 6.684748083353042603e-02
0.000000000000000000e+00 6.698056310415267944e-02
0.000000000000000000e+00 6.713507324457168579e-02
0.000000000000000000e+00 6.728412210941314697e-02
0.000000000000000000e+00 6.730351597070693970e-02
0.000000000000000000e+00 6.734794378280639648e-02
0.000000000000000000e+00 6.741974502801895142e-02
0.000000000000000000e+00 6.752559542655944824e-02
0.000000000000000000e+00 6.753838062286376953e-02
0.000000000000000000e+00 6.760228425264358521e-02
0.000000000000000000e+00 6.774489581584930420e-02
0.000000000000000000e+00 6.787611544132232666e-02
0.000000000000000000e+00 6.787680834531784058e-02
0.000000000000000000e+00 6.791601330041885376e-02
0.000000000000000000e+00 6.799423694610595703e-02
0.000000000000000000e+00 6.801021099090576172e-02
0.000000000000000000e+00 6.812963634729385376e-02
0.000000000000000000e+00 6.824969500303268433e-02
0.000000000000000000e+00 6.838674098253250122e-02
0.000000000000000000e+00 6.841930001974105835e-02
0.000000000000000000e+00 6.846988201141357422e-02
0.000000000000000000e+00 6.864801794290542603e-02
0.000000000000000000e+00 6.879504770040512085e-02
0.000000000000000000e+00 6.887153536081314087e-02
0.000000000000000000e+00 6.895051896572113037e-02
0.000000000000000000e+00 6.908359378576278687e-02
0.000000000000000000e+00 6.909023225307464600e-02
0.000000000000000000e+00 6.912323087453842163e-02
0.000000000000000000e+00 6.946340948343276978e-02
0.000000000000000000e+00 6.965214759111404419e-02
0.000000000000000000e+00 6.990613043308258057e-02
0.000000000000000000e+00 6.992030143737792969e-02
0.000000000000000000e+00 6.992700695991516113e-02
0.000000000000000000e+00 7.004771381616592407e-02
0.000000000000000000e+00 7.015343010425567627e-02
0.000000000000000000e+00 7.017629593610763550e-02
0.000000000000000000e+00 7.034026831388473511e-02
0.000000000000000000e+00 7.037986814975738525e-02
0.000000000000000000e+00 7.039844244718551636e-02
0.000000000000000000e+00 7.042432576417922974e-02
0.000000000000000000e+00 7.067467272281646729e-02
0.000000000000000000e+00 7.100000232458114624e-02
0.000000000000000000e+00 7.106652855873107910e-02
0.000000000000000000e+00 7.107191532850265503e-02
0.000000000000000000e+00 7.114136964082717896e-02
0.000000000000000000e+00 7.119537889957427979e-02
0.000000000000000000e+00 7.133466005325317383e-02
0.000000000000000000e+00 7.134667783975601196e-02
0.000000000000000000e+00 7.134791463613510132e-02
0.000000000000000000e+00 7.136335968971252441e-02
0.000000000000000000e+00 7.139473408460617065e-02
0.000000000000000000e+00 7.170698046684265137e-02
0.000000000000000000e+00 7.171281427145004272e-02
0.000000000000000000e+00 7.186226546764373779e-02
0.000000000000000000e+00 7.204012572765350342e-02
0.000000000000000000e+00 7.205492258071899414e-02
0.000000000000000000e+00 7.209117710590362549e-02
0.000000000000000000e+00 7.214599847793579102e-02
0.000000000000000000e+00 7.229076325893402100e-02
0.000000000000000000e+00 7.229720056056976318e-02
0.000000000000000000e+00 7.235833257436752319e-02
0.000000000000000000e+00 7.240704447031021118e-02
0.000000000000000000e+00 7.244358211755752563e-02
0.000000000000000000e+00 7.247251272201538086e-02
0.000000000000000000e+00 7.256943732500076294e-02
0.000000000000000000e+00 7.260049879550933838e-02
0.000000000000000000e+00 7.279584556818008423e-02
0.000000000000000000e+00 7.289750128984451294e-02
0.000000000000000000e+00 7.295711338520050049e-02
0.000000000000000000e+00 7.297506183385848999e-02
0.000000000000000000e+00 7.299143075942993164e-02
0.000000000000000000e+00 7.301576435565948486e-02
0.000000000000000000e+00 7.302018254995346069e-02
0.000000000000000000e+00 7.303073257207870483e-02
0.000000000000000000e+00 7.305676490068435669e-02
0.000000000000000000e+00 7.308556884527206421e-02
0.000000000000000000e+00 7.321932911872863770e-02
0.000000000000000000e+00 7.355866581201553345e-02
0.000000000000000000e+00 7.357984781265258789e-02
0.000000000000000000e+00 7.358917593955993652e-02
0.000000000000000000e+00 7.363512367010116577e-02
0.000000000000000000e+00 7.366485148668289185e-02
0.000000000000000000e+00 7.370860874652862549e-02
0.000000000000000000e+00 7.377947866916656494e-02
0.000000000000000000e+00 7.379568368196487427e-02
0.000000000000000000e+00 7.410552352666854858e-02
0.000000000000000000e+00 7.413623481988906860e-02
0.000000000000000000e+00 7.429646700620651245e-02
0.000000000000000000e+00 7.437051832675933838e-02
0.000000000000000000e+00 7.484908401966094971e-02
0.000000000000000000e+00 7.493531703948974609e-02
0.000000000000000000e+00 7.499907165765762329e-02
0.000000000000000000e+00 7.509902119636535645e-02
0.000000000000000000e+00 7.514469325542449951e-02
0.000000000000000000e+00 7.526224106550216675e-02
0.000000000000000000e+00 7.532081753015518188e-02
0.000000000000000000e+00 7.533349096775054932e-02
0.000000000000000000e+00 7.540822029113769531e-02
0.000000000000000000e+00 7.544752210378646851e-02
0.000000000000000000e+00 7.555434852838516235e-02
0.000000000000000000e+00 7.568668574094772339e-02
0.000000000000000000e+00 7.575310021638870239e-02
0.000000000000000000e+00 7.582236081361770630e-02
0.000000000000000000e+00 7.583579421043395996e-02
0.000000000000000000e+00 7.587244361639022827e-02
0.000000000000000000e+00 7.588708400726318359e-02
0.000000000000000000e+00 7.594027370214462280e-02
0.000000000000000000e+00 7.600585371255874634e-02
0.000000000000000000e+00 7.630562037229537964e-02
0.000000000000000000e+00 7.639040797948837280e-02
0.000000000000000000e+00 7.641639560461044312e-02
0.000000000000000000e+00 7.647207379341125488e-02
0.000000000000000000e+00 7.648642361164093018e-02
0.000000000000000000e+00 7.652030140161514282e-02
0.000000000000000000e+00 7.654985785484313965e-02
0.000000000000000000e+00 7.656768709421157837e-02
0.000000000000000000e+00 7.659626752138137817e-02
0.000000000000000000e+00 7.659677416086196899e-02
0.000000000000000000e+00 7.674717903137207031e-02
0.000000000000000000e+00 7.709918171167373657e-02
0.000000000000000000e+00 7.713901251554489136e-02
0.000000000000000000e+00 7.723239064216613770e-02
0.000000000000000000e+00 7.729954272508621216e-02
0.000000000000000000e+00 7.739156484603881836e-02
0.000000000000000000e+00 7.760561257600784302e-02
0.000000000000000000e+00 7.765707373619079590e-02
0.000000000000000000e+00 7.767078280448913574e-02
0.000000000000000000e+00 7.777260988950729370e-02
0.000000000000000000e+00 7.807073742151260376e-02
0.000000000000000000e+00 7.808130979537963867e-02
0.000000000000000000e+00 7.813906669616699219e-02
0.000000000000000000e+00 7.818280160427093506e-02
0.000000000000000000e+00 7.839199900627136230e-02
0.000000000000000000e+00 7.840982824563980103e-02
0.000000000000000000e+00 7.843898236751556396e-02
0.000000000000000000e+00 7.844458520412445068e-02
0.000000000000000000e+00 7.845161855220794678e-02
0.000000000000000000e+00 7.845556735992431641e-02
0.000000000000000000e+00 7.851784676313400269e-02
0.000000000000000000e+00 7.871595025062561035e-02
0.000000000000000000e+00 7.897529006004333496e-02
0.000000000000000000e+00 7.899910211563110352e-02
0.000000000000000000e+00 7.901216298341751099e-02
0.000000000000000000e+00 7.912847399711608887e-02
0.000000000000000000e+00 7.914701849222183228e-02
0.000000000000000000e+00 7.915326952934265137e-02
0.000000000000000000e+00 7.955021411180496216e-02
0.000000000000000000e+00 7.960955053567886353e-02
0.000000000000000000e+00 7.966524362564086914e-02
0.000000000000000000e+00 7.978416979312896729e-02
0.000000000000000000e+00 7.995050400495529175e-02
0.000000000000000000e+00 7.995297014713287354e-02
0.000000000000000000e+00 8.004011213779449463e-02
0.000000000000000000e+00 8.009657263755798340e-02
0.000000000000000000e+00 8.018703758716583252e-02
0.000000000000000000e+00 8.020848035812377930e-02
0.000000000000000000e+00 8.023774623870849609e-02
0.000000000000000000e+00 8.033739030361175537e-02
0.000000000000000000e+00 8.037853240966796875e-02
0.000000000000000000e+00 8.037994801998138428e-02
0.000000000000000000e+00 8.045685291290283203e-02
0.000000000000000000e+00 8.047406375408172607e-02
0.000000000000000000e+00 8.054923266172409058e-02
0.000000000000000000e+00 8.062453567981719971e-02
0.000000000000000000e+00 8.064997196197509766e-02
0.000000000000000000e+00 8.066322654485702515e-02
0.000000000000000000e+00 8.072104305028915405e-02
0.000000000000000000e+00 8.091778308153152466e-02
0.000000000000000000e+00 8.094024658203125000e-02
0.000000000000000000e+00 8.100876957178115845e-02
0.000000000000000000e+00 8.104200661182403564e-02
0.000000000000000000e+00 8.110482245683670044e-02
0.000000000000000000e+00 8.113993704319000244e-02
0.000000000000000000e+00 8.114209771156311035e-02
0.000000000000000000e+00 8.115794509649276733e-02
0.000000000000000000e+00 8.127098530530929565e-02
0.000000000000000000e+00 8.128458261489868164e-02
0.000000000000000000e+00 8.159475773572921753e-02
0.000000000000000000e+00 8.178507536649703979e-02
0.000000000000000000e+00 8.194900304079055786e-02
0.000000000000000000e+00 8.210802823305130005e-02
0.000000000000000000e+00 8.231042325496673584e-02
0.000000000000000000e+00 8.235136419534683228e-02
0.000000000000000000e+00 8.236884325742721558e-02
0.000000000000000000e+00 8.257651329040527344e-02
0.000000000000000000e+00 8.259159326553344727e-02
0.000000000000000000e+00 8.275511860847473145e-02
0.000000000000000000e+00 8.284692466259002686e-02
0.000000000000000000e+00 8.292903751134872437e-02
0.000000000000000000e+00 8.296628296375274658e-02
0.000000000000000000e+00 8.318815380334854126e-02
0.000000000000000000e+00 8.320555090904235840e-02
0.000000000000000000e+00 8.321689814329147339e-02
0.000000000000000000e+00 8.333034813404083252e-02
0.000000000000000000e+00 8.392447978258132935e-02
0.000000000000000000e+00 8.392530679702758789e-02
0.000000000000000000e+00 8.412991464138031006e-02
0.000000000000000000e+00 8.413205295801162720e-02
0.000000000000000000e+00 8.413460105657577515e-02
0.000000000000000000e+00 8.413676172494888306e-02
0.000000000000000000e+00 8.413898944854736328e-02
0.000000000000000000e+00 8.419343829154968262e-02
0.000000000000000000e+00 8.422940969467163086e-02
0.000000000000000000e+00 8.469261229038238525e-02
0.000000000000000000e+00 8.474026620388031006e-02
0.000000000000000000e+00 8.475492894649505615e-02
0.000000000000000000e+00 8.476811647415161133e-02
0.000000000000000000e+00 8.493281155824661255e-02
0.000000000000000000e+00 8.497331291437149048e-02
0.000000000000000000e+00 8.498920500278472900e-02
0.000000000000000000e+00 8.513322472572326660e-02
0.000000000000000000e+00 8.513360470533370972e-02
0.000000000000000000e+00 8.524096757173538208e-02
0.000000000000000000e+00 8.530697226524353027e-02
0.000000000000000000e+00 8.554629981517791748e-02
0.000000000000000000e+00 8.561862260103225708e-02
0.000000000000000000e+00 8.563873171806335449e-02
0.000000000000000000e+00 8.598825335502624512e-02
0.000000000000000000e+00 8.600589632987976074e-02
0.000000000000000000e+00 8.601381629705429077e-02
0.000000000000000000e+00 8.614937961101531982e-02
0.000000000000000000e+00 8.630068600177764893e-02
0.000000000000000000e+00 8.649237453937530518e-02
0.000000000000000000e+00 8.652846515178680420e-02
0.000000000000000000e+00 8.659817278385162354e-02
0.000000000000000000e+00 8.669424057006835938e-02
0.000000000000000000e+00 8.677149564027786255e-02
0.000000000000000000e+00 8.683499693870544434e-02
0.000000000000000000e+00 8.692096918821334839e-02
0.000000000000000000e+00 8.714383840560913086e-02
0.000000000000000000e+00 8.718141168355941772e-02
0.000000000000000000e+00 8.754485845565795898e-02
0.000000000000000000e+00 8.775504678487777710e-02
0.000000000000000000e+00 8.777001500129699707e-02
0.000000000000000000e+00 8.787834644317626953e-02
0.000000000000000000e+00 8.796001970767974854e-02
0.000000000000000000e+00 8.804810047149658203e-02
0.000000000000000000e+00 8.811334520578384399e-02
0.000000000000000000e+00 8.834321796894073486e-02
0.000000000000000000e+00 8.844582736492156982e-02
0.000000000000000000e+00 8.844704180955886841e-02
0.000000000000000000e+00 8.847964555025100708e-02
0.000000000000000000e+00 8.861991763114929199e-02
0.000000000000000000e+00 8.864749968051910400e-02
0.000000000000000000e+00 8.885949105024337769e-02
0.000000000000000000e+00 8.891467750072479248e-02
0.000000000000000000e+00 8.893261104822158813e-02
0.000000000000000000e+00 8.916525542736053467e-02
0.000000000000000000e+00 8.921375125646591187e-02
0.000000000000000000e+00 8.921970427036285400e-02
0.000000000000000000e+00 8.924224972724914551e-02
0.000000000000000000e+00 8.925992995500564575e-02
0.000000000000000000e+00 8.932170271873474121e-02
0.000000000000000000e+00 8.937467634677886963e-02
0.000000000000000000e+00 8.944170176982879639e-02
0.000000000000000000e+00 8.952983468770980835e-02
0.000000000000000000e+00 8.953315019607543945e-02
0.000000000000000000e+00 8.975542336702346802e-02
0.000000000000000000e+00 8.981004357337951660e-02
0.000000000000000000e+00 8.989329636096954346e-02
0.000000000000000000e+00 8.995373547077178955e-02
0.000000000000000000e+00 8.998353779315948486e-02
0.000000000000000000e+00 9.002795070409774780e-02
0.000000000000000000e+00 9.003598242998123169e-02
0.000000000000000000e+00 9.007832407951354980e-02
0.000000000000000000e+00 9.011802077293395996e-02
0.000000000000000000e+00 9.019588679075241089e-02
0.000000000000000000e+00 9.035095572471618652e-02
0.000000000000000000e+00 9.045594930648803711e-02
0.000000000000000000e+00 9.054949134588241577e-02
0.000000000000000000e+00 9.056790918111801147e-02
0.000000000000000000e+00 9.057291597127914429e-02
0.000000000000000000e+00 9.058853983879089355e-02
0.000000000000000000e+00 9.087730944156646729e-02
0.000000000000000000e+00 9.095901995897293091e-02
0.000000000000000000e+00 9.100671857595443726e-02
0.000000000000000000e+00 9.129080921411514282e-02
0.000000000000000000e+00 9.132730215787887573e-02
0.000000000000000000e+00 9.134934097528457642e-02
0.000000000000000000e+00 9.135514497756958008e-02
0.000000000000000000e+00 9.139643609523773193e-02
0.000000000000000000e+00 9.144984930753707886e-02
0.000000000000000000e+00 9.165252745151519775e-02
0.000000000000000000e+00 9.169835597276687622e-02
0.000000000000000000e+00 9.189322590827941895e-02
0.000000000000000000e+00 9.194407612085342407e-02
0.000000000000000000e+00 9.200951457023620605e-02
0.000000000000000000e+00 9.238020330667495728e-02
0.000000000000000000e+00 9.240093082189559937e-02
0.000000000000000000e+00 9.241546690464019775e-02
0.000000000000000000e+00 9.253666549921035767e-02
0.000000000000000000e+00 9.298861026763916016e-02
0.000000000000000000e+00 9.300871193408966064e-02
0.000000000000000000e+00 9.304697811603546143e-02
0.000000000000000000e+00 9.309707581996917725e-02
0.000000000000000000e+00 9.319797158241271973e-02
0.000000000000000000e+00 9.327127784490585327e-02
0.000000000000000000e+00 9.349329024553298950e-02
0.000000000000000000e+00 9.355872124433517456e-02
0.000000000000000000e+00 9.358169138431549072e-02
0.000000000000000000e+00 9.423636645078659058e-02
0.000000000000000000e+00 9.452813118696212769e-02
0.000000000000000000e+00 9.461340308189392090e-02
0.000000000000000000e+00 9.467194974422454834e-02
0.000000000000000000e+00 9.469816088676452637e-02
0.000000000000000000e+00 9.481126070022583008e-02
0.000000000000000000e+00 9.500844031572341919e-02
0.000000000000000000e+00 9.516394883394241333e-02
0.000000000000000000e+00 9.519715607166290283e-02
0.000000000000000000e+00 9.565433114767074585e-02
0.000000000000000000e+00 9.591910243034362793e-02
0.000000000000000000e+00 9.600304812192916870e-02
0.000000000000000000e+00 9.607695788145065308e-02
0.000000000000000000e+00 9.622662514448165894e-02
0.000000000000000000e+00 9.650374203920364380e-02
0.000000000000000000e+00 9.664679318666458130e-02
0.000000000000000000e+00 9.682609140872955322e-02
0.000000000000000000e+00 9.698063135147094727e-02
0.000000000000000000e+00 9.698470681905746460e-02
0.000000000000000000e+00 9.711451083421707153e-02
0.000000000000000000e+00 9.765391796827316284e-02
0.000000000000000000e+00 9.802241623401641846e-02
0.000000000000000000e+00 9.812929481267929077e-02
0.000000000000000000e+00 9.816765785217285156e-02
0.000000000000000000e+00 9.819699078798294067e-02
0.000000000000000000e+00 9.831307828426361084e-02
0.000000000000000000e+00 9.856436401605606079e-02
0.000000000000000000e+00 9.867288917303085327e-02
0.000000000000000000e+00 9.867456555366516113e-02
0.000000000000000000e+00 9.879412502050399780e-02
0.000000000000000000e+00 9.908922761678695679e-02
0.000000000000000000e+00 9.956965595483779907e-02
0.000000000000000000e+00 9.972042590379714966e-02
0.000000000000000000e+00 9.975954145193099976e-02
0.000000000000000000e+00 1.000229939818382263e-01
0.000000000000000000e+00 1.001248657703399658e-01
0.000000000000000000e+00 1.004750356078147888e-01
0.000000000000000000e+00 1.005146205425262451e-01
0.000000000000000000e+00 1.006927862763404846e-01
0.000000000000000000e+00 1.009052246809005737e-01
0.000000000000000000e+00 1.010189279913902283e-01
0.000000000000000000e+00 1.012705415487289429e-01
0.000000000000000000e+00 1.015990078449249268e-01
0.000000000000000000e+00 1.019485071301460266e-01
0.000000000000000000e+00 1.020517870783805847e-01
0.000000000000000000e+00 1.020873934030532837e-01
0.000000000000000000e+00 1.028136909008026123e-01
0.000000000000000000e+00 1.029217988252639771e-01
0.000000000000000000e+00 1.029512509703636169e-01
0.000000000000000000e+00 1.030120253562927246e-01
0.000000000000000000e+00 1.032817736268043518e-01
0.000000000000000000e+00 1.035046130418777466e-01
0.000000000000000000e+00 1.036812737584114075e-01
0.000000000000000000e+00 1.038542762398719788e-01
0.000000000000000000e+00 1.038738116621971130e-01
0.000000000000000000e+00 1.041789129376411438e-01
0.000000000000000000e+00 1.047566682100296021e-01
0.000000000000000000e+00 1.047738268971443176e-01
0.000000000000000000e+00 1.049094051122665405e-01
0.000000000000000000e+00 1.051650196313858032e-01
0.000000000000000000e+00 1.057090610265731812e-01
0.000000000000000000e+00 1.060212776064872742e-01
0.000000000000000000e+00 1.061142310500144958e-01
0.000000000000000000e+00 1.061145886778831482e-01
0.000000000000000000e+00 1.066332459449768066e-01
0.000000000000000000e+00 1.072537899017333984e-01
0.000000000000000000e+00 1.074761226773262024e-01
0.000000000000000000e+00 1.080802604556083679e-01
0.000000000000000000e+00 1.081197559833526611e-01
0.000000000000000000e+00 1.086253002285957336e-01
0.000000000000000000e+00 1.086469367146492004e-01
0.000000000000000000e+00 1.087614521384239197e-01
0.000000000000000000e+00 1.091498956084251404e-01
0.000000000000000000e+00 1.091747656464576721e-01
0.000000000000000000e+00 1.091769635677337646e-01
0.000000000000000000e+00 1.096836924552917480e-01
0.000000000000000000e+00 1.097107157111167908e-01
0.000000000000000000e+00 1.099614799022674561e-01
0.000000000000000000e+00 1.105051562190055847e-01
0.000000000000000000e+00 1.112156063318252563e-01
0.000000000000000000e+00 1.113990694284439087e-01
0.000000000000000000e+00 1.116521507501602173e-01
0.000000000000000000e+00 1.117762774229049683e-01
0.000000000000000000e+00 1.127891466021537781e-01
0.000000000000000000e+00 1.130897924304008484e-01
0.000000000000000000e+00 1.146861463785171509e-01
0.000000000000000000e+00 1.148419007658958435e-01
0.000000000000000000e+00 1.153043434023857117e-01
0.000000000000000000e+00 1.153127476572990417e-01
0.000000000000000000e+00 1.153286322951316833e-01
0.000000000000000000e+00 1.154546439647674561e-01
0.000000000000000000e+00 1.154794618487358093e-01
0.000000000000000000e+00 1.155111119151115417e-01
0.000000000000000000e+00 1.156469061970710754e-01
0.000000000000000000e+00 1.158518791198730469e-01
0.000000000000000000e+00 1.160835251212120056e-01
0.000000000000000000e+00 1.163207516074180603e-01
0.000000000000000000e+00 1.174047589302062988e-01
0.000000000000000000e+00 1.180266141891479492e-01
0.000000000000000000e+00 1.182499751448631287e-01
0.000000000000000000e+00 1.182799413800239563e-01
0.000000000000000000e+00 1.183158382773399353e-01
0.000000000000000000e+00 1.187062114477157593e-01
0.000000000000000000e+00 1.192464977502822876e-01
0.000000000000000000e+00 1.192662641406059265e-01
0.000000000000000000e+00 1.194925159215927124e-01
0.000000000000000000e+00 1.197245568037033081e-01
0.000000000000000000e+00 1.199543774127960205e-01
0.000000000000000000e+00 1.202746257185935974e-01
0.000000000000000000e+00 1.210281848907470703e-01
0.000000000000000000e+00 1.216426193714141846e-01
0.000000000000000000e+00 1.229738444089889526e-01
0.000000000000000000e+00 1.230912432074546814e-01
0.000000000000000000e+00 1.233206763863563538e-01
0.000000000000000000e+00 1.233417987823486328e-01
0.000000000000000000e+00 1.246394589543342590e-01
0.000000000000000000e+00 1.247746422886848450e-01
0.000000000000000000e+00 1.255054622888565063e-01
0.000000000000000000e+00 1.258202046155929565e-01
0.000000000000000000e+00 1.262964755296707153e-01
0.000000000000000000e+00 1.264258474111557007e-01
0.000000000000000000e+00 1.269254833459854126e-01
0.000000000000000000e+00 1.287638545036315918e-01
0.000000000000000000e+00 1.295785903930664062e-01
0.000000000000000000e+00 1.306843906641006470e-01
0.000000000000000000e+00 1.309341192245483398e-01
0.000000000000000000e+00 1.319851428270339966e-01
0.000000000000000000e+00 1.331234276294708252e-01
0.000000000000000000e+00 1.350408047437667847e-01
0.000000000000000000e+00 1.361690908670425415e-01
0.000000000000000000e+00 1.363345384597778320e-01
0.000000000000000000e+00 1.372756063938140869e-01
0.000000000000000000e+00 1.409169733524322510e-01
0.000000000000000000e+00 1.421914994716644287e-01
0.000000000000000000e+00 1.447629779577255249e-01
0.000000000000000000e+00 1.493566483259201050e-01
0.000000000000000000e+00 1.546686887741088867e-01
0.000000000000000000e+00 1.579790860414505005e-01
0.000000000000000000e+00 inf
