0.000000000000000000e+00 2.835772465914487839e-03
0.000000000000000000e+00 5.130978301167488098e-03
0.000000000000000000e+00 5.268501117825508118e-03
0.000000000000000000e+00 5.568082444369792938e-03
0.000000000000000000e+00 6.649122107774019241e-03
0.000000000000000000e+00 6.847406271845102310e-03
0.000000000000000000e+00 6.993587128818035126e-03
0.000000000000000000e+00 7.341098506003618240e-03
0.000000000000000000e+00 1.026705000549554825e-02
0.000000000000000000e+00 1.084134262055158615e-02
0.000000000000000000e+00 1.128479558974504471e-02
0.000000000000000000e+00 1.259754132479429245e-02
0.000000000000000000e+00 1.295003853738307953e-02
0.000000000000000000e+00 1.391945127397775650e-02
0.000000000000000000e+00 1.448035519570112228e-02
0.000000000000000000e+00 1.490951422601938248e-02
0.000000000000000000e+00 1.529850438237190247e-02
0.000000000000000000e+00 1.553126145154237747e-02
0.000000000000000000e+00 1.561086252331733704e-02
0.000000000000000000e+00 1.582154259085655212e-02
0.000000000000000000e+00 1.637214235961437225e-02
0.000000000000000000e+00 1.642499864101409912e-02
0.000000000000000000e+00 1.680305600166320801e-02
0.000000000000000000e+00 1.683150790631771088e-02
0.000000000000000000e+00 1.695459708571434021e-02
0.000000000000000000e+00 1.798426918685436249e-02
0.000000000000000000e+00 1.818737387657165527e-02
0.000000000000000000e+00 1.842988468706607819e-02
0.000000000000000000e+00 1.953164860606193542e-02
0.000000000000000000e+00 2.019917406141757965e-02
0.000000000000000000e+00 2.037329226732254028e-02
0.000000000000000000e+00 2.082098647952079773e-02
0.000000000000000000e+00 2.098966389894485474e-02
0.000000000000000000e+00 2.220469154417514801e-02
0.000000000000000000e+00 2.231222391128540039e-02
0.000000000000000000e+00 2.266192622482776642e-02
0.000000000000000000e+00 2.316177450120449066e-02
0.000000000000000000e+00 2.318041771650314331e-02
0.000000000000000000e+00 2.322264760732650757e-02
0.000000000000000000e+00 2.352239564061164856e-02
0.000000000000000000e+00 2.360324561595916748e-02
0.000000000000000000e+00 2.388209849596023560e-02
0.000000000000000000e+00 2.388903312385082245e-02
0.000000000000000000e+00 2.394617348909378052e-02
0.000000000000000000e+00 2.419603429734706879e-02
0.000000000000000000e+00 2.470171079039573669e-02
0.000000000000000000e+00 2.482401393353939056e-02
0.000000000000000000e+00 2.486558817327022552e-02
0.000000000000000000e+00 2.515676245093345642e-02
0.000000000000000000e+00 2.534272894263267517e-02
0.000000000000000000e+00 2.544221840798854828e-02
0.000000000000000000e+00 2.573575824499130249e-02
0.000000000000000000e+00 2.590311318635940552e-02
0.000000000000000000e+00 2.612988464534282684e-02
0.000000000000000000e+00 2.633941173553466797e-02
0.000000000000000000e+00 2.671267837285995483e-02
0.000000000000000000e+00 2.700730971992015839e-02
0.000000000000000000e+00 2.712648175656795502e-02
0.000000000000000000e+00 2.723923325538635254e-02
0.000000000000000000e+00 2.737301960587501526e-02
0.000000000000000000e+00 2.764127776026725769e-02
0.000000000000000000e+00 2.777021937072277069e-02
0.000000000000000000e+00 2.798047475516796112e-02
0.000000000000000000e+00 2.798102982342243195e-02
0.000000000000000000e+00 2.807653881609439850e-02
0.000000000000000000e+00 2.906424738466739655e-02
0.000000000000000000e+00 2.920590899884700775e-02
0.000000000000000000e+00 2.932543121278285980e-02
0.000000000000000000e+00 2.934311516582965851e-02
0.000000000000000000e+00 2.943714521825313568e-02
0.000000000000000000e+00 2.958329021930694580e-02
0.000000000000000000e+00 2.964147366583347321e-02
0.000000000000000000e+00 2.968731150031089783e-02
0.000000000000000000e+00 3.019450046122074127e-02
0.000000000000000000e+00 3.029155358672142029e-02
0.000000000000000000e+00 3.036006726324558258e-02
0.000000000000000000e+00 3.054028190672397614e-02
0.000000000000000000e+00 3.093267232179641724e-02
0.000000000000000000e+00 3.163632005453109741e-02
0.000000000000000000e+00 3.169848397374153137e-02
0.000000000000000000e+00 3.180600330233573914e-02
0.000000000000000000e+00 3.222857043147087097e-02
0.000000000000000000e+00 3.270991519093513489e-02
0.000000000000000000e+00 3.277606144547462463e-02
0.000000000000000000e+00 3.279423341155052185e-02
0.000000000000000000e+00 3.288611024618148804e-02
0.000000000000000000e+00 3.307450935244560242e-02
0.000000000000000000e+00 3.347045555710792542e-02
0.000000000000000000e+00 3.348861634731292725e-02
0.000000000000000000e+00 3.369159623980522156e-02
0.000000000000000000e+00 3.373325988650321960e-02
0.000000000000000000e+00 3.407560661435127258e-02
0.000000000000000000e+00 3.466768935322761536e-02
0.000000000000000000e+00 3.478585183620452881e-02
0.000000000000000000e+00 3.502647578716278076e-02
0.000000000000000000e+00 3.503639623522758484e-02
0.000000000000000000e+00 3.518839925527572632e-02
0.000000000000000000e+00 3.539118170738220215e-02
0.000000000000000000e+00 3.547181934118270874e-02
0.000000000000000000e+00 3.558583185076713562e-02
0.000000000000000000e+00 3.564441949129104614e-02
0.000000000000000000e+00 3.564869239926338196e-02
0.000000000000000000e+00 3.594309091567993164e-02
0.000000000000000000e+00 3.628264367580413818e-02
0.000000000000000000e+00 3.636761754751205444e-02
0.000000000000000000e+00 3.639980405569076538e-02
0.000000000000000000e+00 3.645725920796394348e-02
0.000000000000000000e+00 3.646649420261383057e-02
0.000000000000000000e+00 3.658518940210342407e-02
0.000000000000000000e+00 3.664411976933479309e-02
0.000000000000000000e+00 3.668124973773956299e-02
0.000000000000000000e+00 3.678780049085617065e-02
0.000000000000000000e+00 3.701659664511680603e-02
0.000000000000000000e+00 3.710040077567100525e-02
0.000000000000000000e+00 3.725326806306838989e-02
0.000000000000000000e+00 3.729212284088134766e-02
0.000000000000000000e+00 3.729940950870513916e-02
0.000000000000000000e+00 3.743540868163108826e-02
0.000000000000000000e+00 3.764348477125167847e-02
0.000000000000000000e+00 3.767554834485054016e-02
0.000000000000000000e+00 3.776583448052406311e-02
0.000000000000000000e+00 3.806389868259429932e-02
0.000000000000000000e+00 3.816617280244827271e-02
0.000000000000000000e+00 3.818586841225624084e-02
0.000000000000000000e+00 3.826984018087387085e-02
0.000000000000000000e+00 3.833265230059623718e-02
0.000000000000000000e+00 3.901502862572669983e-02
0.000000000000000000e+00 3.911971300840377808e-02
0.000000000000000000e+00 3.913490474224090576e-02
0.000000000000000000e+00 3.971173241734504700e-02
0.000000000000000000e+00 3.993807733058929443e-02
0.000000000000000000e+00 4.001680761575698853e-02
0.000000000000000000e+00 4.009822383522987366e-02
0.000000000000000000e+00 4.059457033872604370e-02
0.000000000000000000e+00 4.085415601730346680e-02
0.000000000000000000e+00 4.141465947031974792e-02
0.000000000000000000e+00 4.141522198915481567e-02
0.000000000000000000e+00 4.153356701135635376e-02
0.000000000000000000e+00 4.154448956251144409e-02
0.000000000000000000e+00 4.178064316511154175e-02
0.000000000000000000e+00 4.179809242486953735e-02
0.000000000000000000e+00 4.187417775392532349e-02
0.000000000000000000e+00 4.187561571598052979e-02
0.000000000000000000e+00 4.189334809780120850e-02
0.000000000000000000e+00 4.198218137025833130e-02
0.000000000000000000e+00 4.199729859828948975e-02
0.000000000000000000e+00 4.201287776231765747e-02
0.000000000000000000e+00 4.201520606875419617e-02
0.000000000000000000e+00 4.203281551599502563e-02
0.000000000000000000e+00 4.204270616173744202e-02
0.000000000000000000e+00 4.219756275415420532e-02
0.000000000000000000e+00 4.221418127417564392e-02
0.000000000000000000e+00 4.235107079148292542e-02
0.000000000000000000e+00 4.237176477909088135e-02
0.000000000000000000e+00 4.249531775712966919e-02
0.000000000000000000e+00 4.249768331646919250e-02
0.000000000000000000e+00 4.269745573401451111e-02
0.000000000000000000e+00 4.274560511112213135e-02
0.000000000000000000e+00 4.290943592786788940e-02
0.000000000000000000e+00 4.295198991894721985e-02
0.000000000000000000e+00 4.304064810276031494e-02
0.000000000000000000e+00 4.305849224328994751e-02
0.000000000000000000e+00 4.322980344295501709e-02
0.000000000000000000e+00 4.339954629540443420e-02
0.000000000000000000e+00 4.350098222494125366e-02
0.000000000000000000e+00 4.353681579232215881e-02
0.000000000000000000e+00 4.367897659540176392e-02
0.000000000000000000e+00 4.374150931835174561e-02
0.000000000000000000e+00 4.425266757607460022e-02
0.000000000000000000e+00 4.429889842867851257e-02
0.000000000000000000e+00 4.444517567753791809e-02
0.000000000000000000e+00 4.451779276132583618e-02
0.000000000000000000e+00 4.457284137606620789e-02
0.000000000000000000e+00 4.461995139718055725e-02
0.000000000000000000e+00 4.464428499341011047e-02
0.000000000000000000e+00 4.472424089908599854e-02
0.000000000000000000e+00 4.479369893670082092e-02
0.000000000000000000e+00 4.482460394501686096e-02
0.000000000000000000e+00 4.493445530533790588e-02
0.000000000000000000e+00 4.499355703592300415e-02
0.000000000000000000e+00 4.510286822915077209e-02
0.000000000000000000e+00 4.546674340963363647e-02
0.000000000000000000e+00 4.547436907887458801e-02
0.000000000000000000e+00 4.577872529625892639e-02
0.000000000000000000e+00 4.586846753954887390e-02
0.000000000000000000e+00 4.593291878700256348e-02
0.000000000000000000e+00 4.609337449073791504e-02
0.000000000000000000e+00 4.614392668008804321e-02
0.000000000000000000e+00 4.615963622927665710e-02
0.000000000000000000e+00 4.626698046922683716e-02
0.000000000000000000e+00 4.643545672297477722e-02
0.000000000000000000e+00 4.646215215325355530e-02
0.000000000000000000e+00 4.648909345269203186e-02
0.000000000000000000e+00 4.673049226403236389e-02
0.000000000000000000e+00 4.674097895622253418e-02
0.000000000000000000e+00 4.678773880004882812e-02
0.000000000000000000e+00 4.682658612728118896e-02
0.000000000000000000e+00 4.686775803565979004e-02
0.000000000000000000e+00 4.696495085954666138e-02
0.000000000000000000e+00 4.700884222984313965e-02
0.000000000000000000e+00 4.718581587076187134e-02
0.000000000000000000e+00 4.732035845518112183e-02
0.000000000000000000e+00 4.735475033521652222e-02
0.000000000000000000e+00 4.736044257879257202e-02
0.000000000000000000e+00 4.750740900635719299e-02
0.000000000000000000e+00 4.750936850905418396e-02
0.000000000000000000e+00 4.759988933801651001e-02
0.000000000000000000e+00 4.763904958963394165e-02
0.000000000000000000e+00 4.780562967061996460e-02
0.000000000000000000e+00 4.785390198230743408e-02
0.000000000000000000e+00 4.851261526346206665e-02
0.000000000000000000e+00 4.851358383893966675e-02
0.000000000000000000e+00 4.854420945048332214e-02
0.000000000000000000e+00 4.858120903372764587e-02
0.000000000000000000e+00 4.872494190931320190e-02
0.000000000000000000e+00 4.875159263610839844e-02
0.000000000000000000e+00 4.884689301252365112e-02
0.000000000000000000e+00 4.887866601347923279e-02
0.000000000000000000e+00 4.894444718956947327e-02
0.000000000000000000e+00 4.907617345452308655e-02
0.000000000000000000e+00 4.964790120720863342e-02
0.000000000000000000e+00 4.972963780164718628e-02
0.000000000000000000e+00 4.978562146425247192e-02
0.000000000000000000e+00 4.981086030602455139e-02
0.000000000000000000e+00 5.013291537761688232e-02
0.000000000000000000e+00 5.020838603377342224e-02
0.000000000000000000e+00 5.081304162740707397e-02
0.000000000000000000e+00 5.089091882109642029e-02
0.000000000000000000e+00 5.098418891429901123e-02
0.000000000000000000e+00 5.120630562305450439e-02
0.000000000000000000e+00 5.131468921899795532e-02
0.000000000000000000e+00 5.138266086578369141e-02
0.000000000000000000e+00 5.167853087186813354e-02
0.000000000000000000e+00 5.174508318305015564e-02
0.000000000000000000e+00 5.193648114800453186e-02
0.000000000000000000e+00 5.206472799181938171e-02
0.000000000000000000e+00 5.239789560437202454e-02
0.000000000000000000e+00 5.245461314916610718e-02
0.000000000000000000e+00 5.254023894667625427e-02
0.000000000000000000e+00 5.257377773523330688e-02
0.000000000000000000e+00 5.263669043779373169e-02
0.000000000000000000e+00 5.276633799076080322e-02
0.000000000000000000e+00 5.294543504714965820e-02
0.000000000000000000e+00 5.295203626155853271e-02
0.000000000000000000e+00 5.307064577937126160e-02
0.000000000000000000e+00 5.333432555198669434e-02
0.000000000000000000e+00 5.351738631725311279e-02
0.000000000000000000e+00 5.365019664168357849e-02
0.000000000000000000e+00 5.373385548591613770e-02
0.000000000000000000e+00 5.378903448581695557e-02
0.000000000000000000e+00 5.390978232026100159e-02
0.000000000000000000e+00 5.394726619124412537e-02
0.000000000000000000e+00 5.407751724123954773e-02
0.000000000000000000e+00 5.416085198521614075e-02
0.000000000000000000e+00 5.434388667345046997e-02
0.000000000000000000e+00 5.448820814490318298e-02
0.000000000000000000e+00 5.466513335704803467e-02
0.000000000000000000e+00 5.476181954145431519e-02
0.000000000000000000e+00 5.487705767154693604e-02
0.000000000000000000e+00 5.493603274226188660e-02
0.000000000000000000e+00 5.498025938868522644e-02
0.000000000000000000e+00 5.499126017093658447e-02
0.000000000000000000e+00 5.504278093576431274e-02
0.000000000000000000e+00 5.511851981282234192e-02
0.000000000000000000e+00 5.516008660197257996e-02
0.000000000000000000e+00 5.528122931718826294e-02
0.000000000000000000e+00 5.529194697737693787e-02
0.000000000000000000e+00 5.536667630076408386e-02
0.000000000000000000e+00 5.552058294415473938e-02
0.000000000000000000e+00 5.570171773433685303e-02
0.000000000000000000e+00 5.585072189569473267e-02
0.000000000000000000e+00 5.610731989145278931e-02
0.000000000000000000e+00 5.616354197263717651e-02
0.000000000000000000e+00 5.620275810360908508e-02
0.000000000000000000e+00 5.621919035911560059e-02
0.000000000000000000e+00 5.623152107000350952e-02
0.000000000000000000e+00 5.640442296862602234e-02
0.000000000000000000e+00 5.645601078867912292e-02
0.000000000000000000e+00 5.651034414768218994e-02
0.000000000000000000e+00 5.657384544610977173e-02
0.000000000000000000e+00 5.661188438534736633e-02
0.000000000000000000e+00 5.661880970001220703e-02
0.000000000000000000e+00 5.663434788584709167e-02
0.000000000000000000e+00 5.672055482864379883e-02
0.000000000000000000e+00 5.674606189131736755e-02
0.000000000000000000e+00 5.678160488605499268e-02
0.000000000000000000e+00 5.695026740431785583e-02
0.000000000000000000e+00 5.713992938399314880e-02
0.000000000000000000e+00 5.715756118297576904e-02
0.000000000000000000e+00 5.735870450735092163e-02
0.000000000000000000e+00 5.762828886508941650e-02
0.000000000000000000e+00 5.763883516192436218e-02
0.000000000000000000e+00 5.764583498239517212e-02
0.000000000000000000e+00 5.775565654039382935e-02
0.000000000000000000e+00 5.785975605249404907e-02
0.000000000000000000e+00 5.790347605943679810e-02
0.000000000000000000e+00 5.800525471568107605e-02
0.000000000000000000e+00 5.807979032397270203e-02
0.000000000000000000e+00 5.813887342810630798e-02
0.000000000000000000e+00 5.813935771584510803e-02
0.000000000000000000e+00 5.836006999015808105e-02
0.000000000000000000e+00 5.853430554270744324e-02
0.000000000000000000e+00 5.856805667281150818e-02
0.000000000000000000e+00 5.875464901328086853e-02
0.000000000000000000e+00 5.876096338033676147e-02
0.000000000000000000e+00 5.877250805497169495e-02
0.000000000000000000e+00 5.908409133553504944e-02
0.000000000000000000e+00 5.908881127834320068e-02
0.000000000000000000e+00 5.914735794067382812e-02
0.000000000000000000e+00 5.936872586607933044e-02
0.000000000000000000e+00 5.940582230687141418e-02
0.000000000000000000e+00 5.968013033270835876e-02
0.000000000000000000e+00 5.976961180567741394e-02
0.000000000000000000e+00 5.995539203286170959e-02
0.000000000000000000e+00 5.998968333005905151e-02
0.000000000000000000e+00 6.016476824879646301e-02
0.000000000000000000e+00 6.026162207126617432e-02
0.000000000000000000e+00 6.031975522637367249e-02
0.000000000000000000e+00 6.069257110357284546e-02
0.000000000000000000e+00 6.069311127066612244e-02
0.000000000000000000e+00 6.076408177614212036e-02
0.000000000000000000e+00 6.112859770655632019e-02
0.000000000000000000e+00 6.115812063217163086e-02
0.000000000000000000e+00 6.119146198034286499e-02
0.000000000000000000e+00 6.153556704521179199e-02
0.000000000000000000e+00 6.159032136201858521e-02
0.000000000000000000e+00 6.167279556393623352e-02
0.000000000000000000e+00 6.196606531739234924e-02
0.000000000000000000e+00 6.199795007705688477e-02
0.000000000000000000e+00 6.226163357496261597e-02
0.000000000000000000e+00 6.227687373757362366e-02
0.000000000000000000e+00 6.228355690836906433e-02
0.000000000000000000e+00 6.233867257833480835e-02
0.000000000000000000e+00 6.243208050727844238e-02
0.000000000000000000e+00 6.244892254471778870e-02
0.000000000000000000e+00 6.253549456596374512e-02
0.000000000000000000e+00 6.263376027345657349e-02
0.000000000000000000e+00 6.287122517824172974e-02
0.000000000000000000e+00 6.313537806272506714e-02
0.000000000000000000e+00 6.322461366653442383e-02
0.000000000000000000e+00 6.339559704065322876e-02
0.000000000000000000e+00 6.342195719480514526e-02
0.000000000000000000e+00 6.345389783382415771e-02
0.000000000000000000e+00 6.359171122312545776e-02
0.000000000000000000e+00 6.361957639455795288e-02
0.000000000000000000e+00 6.376736611127853394e-02
0.000000000000000000e+00 6.398404389619827271e-02
0.000000000000000000e+00 6.415145844221115112e-02
0.000000000000000000e+00 6.434631347656250000e-02
0.000000000000000000e+00 6.452208012342453003e-02
0.000000000000000000e+00 6.458749622106552124e-02
0.000000000000000000e+00 6.465507298707962036e-02
0.000000000000000000e+00 6.468961387872695923e-02
0.000000000000000000e+00 6.472982466220855713e-02
0.000000000000000000e+00 6.474168598651885986e-02
0.000000000000000000e+00 6.487707048654556274e-02
0.000000000000000000e+00 6.507786363363265991e-02
0.000000000000000000e+00 6.513970345258712769e-02
0.000000000000000000e+00 6.517288088798522949e-02
0.000000000000000000e+00 6.523335725069046021e-02
0.000000000000000000e+00 6.523370742797851562e-02
0.000000000000000000e+00 6.546247005462646484e-02
0.000000000000000000e+00 6.551910936832427979e-02
0.000000000000000000e+00 6.557193398475646973e-02
0.000000000000000000e+00 6.589838117361068726e-02
0.000000000000000000e+00 6.599113345146179199e-02
0.000000000000000000e+00 6.600996106863021851e-02
0.000000000000000000e+00 6.601547449827194214e-02
0.000000000000000000e+00 6.611530482769012451e-02
0.000000000000000000e+00 6.614422798156738281e-02
0.000000000000000000e+00 6.632032245397567749e-02
0.000000000000000000e+00 6.639043986797332764e-02
0.000000000000000000e+00 6.642255187034606934e-02
0.000000000000000000e+00 6.644193828105926514e-02
0.000000000000000000e+00 6.655246019363403320e-02
0.000000000000000000e+00 6.673832237720489502e-02
0.000000000000000000e+00 6.680192798376083374e-02
0.000000000000000000e+00 6.686750799417495728e-02
0.000000000000000000e+00 6.698776781558990479e-02
0.000000000000000000e+00 6.710562855005264282e-02
0.000000000000000000e+00 6.726892292499542236e-02
0.000000000000000000e+00 6.751065701246261597e-02
0.000000000000000000e+00 6.754796206951141357e-02
0.000000000000000000e+00 6.755968928337097168e-02
0.000000000000000000e+00 6.772356480360031128e-02
0.000000000000000000e+00 6.829290837049484253e-02
0.000000000000000000e+00 6.844970583915710449e-02
0.000000000000000000e+00 6.860928237438201904e-02
0.000000000000000000e+00 6.898529827594757080e-02
0.000000000000000000e+00 6.902543455362319946e-02
0.000000000000000000e+00 6.903669238090515137e-02
0.000000000000000000e+00 6.914868205785751343e-02
0.000000000000000000e+00 6.935380399227142334e-02
0.000000000000000000e+00 6.968691200017929077e-02
0.000000000000000000e+00 6.984814256429672241e-02
0.000000000000000000e+00 6.997991353273391724e-02
0.000000000000000000e+00 7.008914649486541748e-02
0.000000000000000000e+00 7.022890448570251465e-02
0.000000000000000000e+00 7.028235495090484619e-02
0.000000000000000000e+00 7.031672447919845581e-02
0.000000000000000000e+00 7.036260515451431274e-02
0.000000000000000000e+00 7.045987248420715332e-02
0.000000000000000000e+00 7.048124074935913086e-02
0.000000000000000000e+00 7.059907168149948120e-02
0.000000000000000000e+00 7.103985548019409180e-02
0.000000000000000000e+00 7.111068814992904663e-02
0.000000000000000000e+00 7.118110358715057373e-02
0.000000000000000000e+00 7.118246704339981079e-02
0.000000000000000000e+00 7.121983915567398071e-02
0.000000000000000000e+00 7.150459289550781250e-02
0.000000000000000000e+00 7.167968153953552246e-02
0.000000000000000000e+00 7.176710665225982666e-02
0.000000000000000000e+00 7.185666263103485107e-02
0.000000000000000000e+00 7.194683700799942017e-02
0.000000000000000000e+00 7.194718718528747559e-02
0.000000000000000000e+00 7.204655557870864868e-02
0.000000000000000000e+00 7.278358191251754761e-02
0.000000000000000000e+00 7.279907166957855225e-02
0.000000000000000000e+00 7.284657657146453857e-02
0.000000000000000000e+00 7.289866358041763306e-02
0.000000000000000000e+00 7.305300980806350708e-02
0.000000000000000000e+00 7.316890358924865723e-02
0.000000000000000000e+00 7.329314202070236206e-02
0.000000000000000000e+00 7.334999740123748779e-02
0.000000000000000000e+00 7.343219965696334839e-02
0.000000000000000000e+00 7.348315417766571045e-02
0.000000000000000000e+00 7.367273420095443726e-02
0.000000000000000000e+00 7.373005151748657227e-02
0.000000000000000000e+00 7.396641373634338379e-02
0.000000000000000000e+00 7.396678626537322998e-02
0.000000000000000000e+00 7.402406632900238037e-02
0.000000000000000000e+00 7.407887279987335205e-02
0.000000000000000000e+00 7.424908131361007690e-02
0.000000000000000000e+00 7.431505620479583740e-02
0.000000000000000000e+00 7.433798909187316895e-02
0.000000000000000000e+00 7.443780452013015747e-02
0.000000000000000000e+00 7.444369792938232422e-02
0.000000000000000000e+00 7.453657686710357666e-02
0.000000000000000000e+00 7.467142492532730103e-02
0.000000000000000000e+00 7.492192834615707397e-02
0.000000000000000000e+00 7.547582685947418213e-02
0.000000000000000000e+00 7.557826489210128784e-02
0.000000000000000000e+00 7.585924863815307617e-02
0.000000000000000000e+00 7.588762789964675903e-02
0.000000000000000000e+00 7.613506913185119629e-02
0.000000000000000000e+00 7.614644616842269897e-02
0.000000000000000000e+00 7.656642794609069824e-02
0.000000000000000000e+00 7.658935338258743286e-02
0.000000000000000000e+00 7.669617980718612671e-02
0.000000000000000000e+00 7.673024386167526245e-02
0.000000000000000000e+00 7.680204510688781738e-02
0.000000000000000000e+00 7.691486179828643799e-02
0.000000000000000000e+00 7.699093222618103027e-02
0.000000000000000000e+00 7.719796150922775269e-02
0.000000000000000000e+00 7.728467881679534912e-02
0.000000000000000000e+00 7.748652994632720947e-02
0.000000000000000000e+00 7.763081043958663940e-02
0.000000000000000000e+00 7.767815142869949341e-02
0.000000000000000000e+00 7.770889997482299805e-02
0.000000000000000000e+00 7.781106978654861450e-02
0.000000000000000000e+00 7.788338512182235718e-02
0.000000000000000000e+00 7.790854573249816895e-02
0.000000000000000000e+00 7.798453420400619507e-02
0.000000000000000000e+00 7.804933935403823853e-02
0.000000000000000000e+00 7.815036177635192871e-02
0.000000000000000000e+00 7.819968461990356445e-02
0.000000000000000000e+00 7.831174135208129883e-02
0.000000000000000000e+00 7.852046191692352295e-02
0.000000000000000000e+00 7.853092253208160400e-02
0.000000000000000000e+00 7.862962782382965088e-02
0.000000000000000000e+00 7.887731492519378662e-02
0.000000000000000000e+00 7.889124006032943726e-02
0.000000000000000000e+00 7.897651195526123047e-02
0.000000000000000000e+00 7.902388274669647217e-02
0.000000000000000000e+00 7.922957092523574829e-02
0.000000000000000000e+00 7.923283427953720093e-02
0.000000000000000000e+00 7.958150655031204224e-02
0.000000000000000000e+00 7.959266006946563721e-02
0.000000000000000000e+00 7.966119050979614258e-02
0.000000000000000000e+00 7.967368513345718384e-02
0.000000000000000000e+00 7.995840907096862793e-02
0.000000000000000000e+00 8.023278415203094482e-02
0.000000000000000000e+00 8.033679425716400146e-02
0.000000000000000000e+00 8.037047088146209717e-02
0.000000000000000000e+00 8.041131496429443359e-02
0.000000000000000000e+00 8.051783591508865356e-02
0.000000000000000000e+00 8.073680847883224487e-02
0.000000000000000000e+00 8.081021159887313843e-02
0.000000000000000000e+00 8.096036314964294434e-02
0.000000000000000000e+00 8.110568672418594360e-02
0.000000000000000000e+00 8.155976235866546631e-02
0.000000000000000000e+00 8.163153380155563354e-02
0.000000000000000000e+00 8.171143382787704468e-02
0.000000000000000000e+00 8.172339200973510742e-02
0.000000000000000000e+00 8.188637346029281616e-02
0.000000000000000000e+00 8.191862702369689941e-02
0.000000000000000000e+00 8.199296146631240845e-02
0.000000000000000000e+00 8.209352940320968628e-02
0.000000000000000000e+00 8.210770785808563232e-02
0.000000000000000000e+00 8.233167976140975952e-02
0.000000000000000000e+00 8.260866254568099976e-02
0.000000000000000000e+00 8.273163437843322754e-02
0.000000000000000000e+00 8.301082253456115723e-02
0.000000000000000000e+00 8.312623202800750732e-02
0.000000000000000000e+00 8.313196897506713867e-02
0.000000000000000000e+00 8.315531909465789795e-02
0.000000000000000000e+00 8.326508849859237671e-02
0.000000000000000000e+00 8.333618193864822388e-02
0.000000000000000000e+00 8.340147137641906738e-02
0.000000000000000000e+00 8.369114995002746582e-02
0.000000000000000000e+00 8.393085747957229614e-02
0.000000000000000000e+00 8.412989228963851929e-02
0.000000000000000000e+00 8.441830426454544067e-02
0.000000000000000000e+00 8.449107408523559570e-02
0.000000000000000000e+00 8.452188968658447266e-02
0.000000000000000000e+00 8.454056829214096069e-02
0.000000000000000000e+00 8.473012596368789673e-02
0.000000000000000000e+00 8.480276167392730713e-02
0.000000000000000000e+00 8.485311269760131836e-02
0.000000000000000000e+00 8.490774035453796387e-02
0.000000000000000000e+00 8.503620326519012451e-02
0.000000000000000000e+00 8.511861413717269897e-02
0.000000000000000000e+00 8.532574772834777832e-02
0.000000000000000000e+00 8.541999757289886475e-02
0.000000000000000000e+00 8.550886809825897217e-02
0.000000000000000000e+00 8.553598076105117798e-02
0.000000000000000000e+00 8.554284274578094482e-02
0.000000000000000000e+00 8.567087352275848389e-02
0.000000000000000000e+00 8.568159490823745728e-02
0.000000000000000000e+00 8.586237579584121704e-02
0.000000000000000000e+00 8.604390919208526611e-02
0.000000000000000000e+00 8.605332672595977783e-02
0.000000000000000000e+00 8.606199175119400024e-02
0.000000000000000000e+00 8.609540760517120361e-02
0.000000000000000000e+00 8.619918674230575562e-02
0.000000000000000000e+00 8.642040938138961792e-02
0.000000000000000000e+00 8.642169833183288574e-02
0.000000000000000000e+00 8.660554885864257812e-02
0.000000000000000000e+00 8.660955727100372314e-02
0.000000000000000000e+00 8.664140105247497559e-02
0.000000000000000000e+00 8.672283589839935303e-02
0.000000000000000000e+00 8.675532788038253784e-02
0.000000000000000000e+00 8.687208592891693115e-02
0.000000000000000000e+00 8.691607415676116943e-02
0.000000000000000000e+00 8.693820983171463013e-02
0.000000000000000000e+00 8.694868534803390503e-02
0.000000000000000000e+00 8.701560646295547485e-02
0.000000000000000000e+00 8.710687607526779175e-02
0.000000000000000000e+00 8.716588467359542847e-02
0.000000000000000000e+00 8.721873164176940918e-02
0.000000000000000000e+00 8.731704205274581909e-02
0.000000000000000000e+00 8.740572631359100342e-02
0.000000000000000000e+00 8.744787424802780151e-02
0.000000000000000000e+00 8.756639808416366577e-02
0.000000000000000000e+00 8.773186802864074707e-02
0.000000000000000000e+00 8.778803050518035889e-02
0.000000000000000000e+00 8.796642720699310303e-02
0.000000000000000000e+00 8.827745914459228516e-02
0.000000000000000000e+00 8.876235038042068481e-02
0.000000000000000000e+00 8.888089656829833984e-02
0.000000000000000000e+00 8.889544755220413208e-02
0.000000000000000000e+00 8.897074311971664429e-02
0.000000000000000000e+00 8.926006406545639038e-02
0.000000000000000000e+00 8.941789716482162476e-02
0.000000000000000000e+00 8.951300382614135742e-02
0.000000000000000000e+00 8.955268561840057373e-02
0.000000000000000000e+00 8.958826959133148193e-02
0.000000000000000000e+00 8.974327147006988525e-02
0.000000000000000000e+00 8.985853195190429688e-02
0.000000000000000000e+00 8.987122029066085815e-02
0.000000000000000000e+00 9.000218659639358521e-02
0.000000000000000000e+00 9.000924229621887207e-02
0.000000000000000000e+00 9.009250998497009277e-02
0.000000000000000000e+00 9.011527150869369507e-02
0.000000000000000000e+00 9.011574834585189819e-02
0.000000000000000000e+00 9.027225524187088013e-02
0.000000000000000000e+00 9.038779139518737793e-02
0.000000000000000000e+00 9.045237302780151367e-02
0.000000000000000000e+00 9.049236774444580078e-02
0.000000000000000000e+00 9.060809016227722168e-02
0.000000000000000000e+00 9.114709496498107910e-02
0.000000000000000000e+00 9.123196452856063843e-02
0.000000000000000000e+00 9.131410717964172363e-02
0.000000000000000000e+00 9.163749217987060547e-02
0.000000000000000000e+00 9.180323034524917603e-02
0.000000000000000000e+00 9.183076024055480957e-02
0.000000000000000000e+00 9.184101969003677368e-02
0.000000000000000000e+00 9.219054132699966431e-02
0.000000000000000000e+00 9.220712631940841675e-02
0.000000000000000000e+00 9.222844988107681274e-02
0.000000000000000000e+00 9.254913032054901123e-02
0.000000000000000000e+00 9.256169945001602173e-02
0.000000000000000000e+00 9.263513237237930298e-02
0.000000000000000000e+00 9.288707375526428223e-02
0.000000000000000000e+00 9.293176978826522827e-02
0.000000000000000000e+00 9.293431043624877930e-02
0.000000000000000000e+00 9.310782700777053833e-02
0.000000000000000000e+00 9.311807900667190552e-02
0.000000000000000000e+00 9.320009499788284302e-02
0.000000000000000000e+00 9.336842596530914307e-02
0.000000000000000000e+00 9.355060756206512451e-02
0.000000000000000000e+00 9.371639788150787354e-02
0.000000000000000000e+00 9.383817017078399658e-02
0.000000000000000000e+00 9.384006261825561523e-02
0.000000000000000000e+00 9.386578947305679321e-02
0.000000000000000000e+00 9.391871839761734009e-02
0.000000000000000000e+00 9.399036318063735962e-02
0.000000000000000000e+00 9.402847290039062500e-02
0.000000000000000000e+00 9.404233098030090332e-02
0.000000000000000000e+00 9.428924322128295898e-02
0.000000000000000000e+00 9.445641934871673584e-02
0.000000000000000000e+00 9.452442824840545654e-02
0.000000000000000000e+00 9.467896074056625366e-02
0.000000000000000000e+00 9.488584846258163452e-02
0.000000000000000000e+00 9.495735168457031250e-02
0.000000000000000000e+00 9.554427117109298706e-02
0.000000000000000000e+00 9.573973715305328369e-02
0.000000000000000000e+00 9.579662978649139404e-02
0.000000000000000000e+00 9.582049399614334106e-02
0.000000000000000000e+00 9.596239775419235229e-02
0.000000000000000000e+00 9.604655206203460693e-02
0.000000000000000000e+00 9.616126865148544312e-02
0.000000000000000000e+00 9.648762643337249756e-02
0.000000000000000000e+00 9.650897234678268433e-02
0.000000000000000000e+00 9.672826528549194336e-02
0.000000000000000000e+00 9.673697501420974731e-02
0.000000000000000000e+00 9.680027514696121216e-02
0.000000000000000000e+00 9.682267159223556519e-02
0.000000000000000000e+00 9.694049507379531860e-02
0.000000000000000000e+00 9.709101915359497070e-02
0.000000000000000000e+00 9.709155559539794922e-02
0.000000000000000000e+00 9.714564681053161621e-02
0.000000000000000000e+00 9.720150381326675415e-02
0.000000000000000000e+00 9.724135696887969971e-02
0.000000000000000000e+00 9.727772325277328491e-02
0.000000000000000000e+00 9.763045608997344971e-02
0.000000000000000000e+00 9.776701033115386963e-02
0.000000000000000000e+00 9.783111512660980225e-02
0.000000000000000000e+00 9.790027141571044922e-02
0.000000000000000000e+00 9.792678058147430420e-02
0.000000000000000000e+00 9.799550473690032959e-02
0.000000000000000000e+00 9.810550510883331299e-02
0.000000000000000000e+00 9.827387332916259766e-02
0.000000000000000000e+00 9.833317250013351440e-02
0.000000000000000000e+00 9.840340912342071533e-02
0.000000000000000000e+00 9.843870997428894043e-02
0.000000000000000000e+00 9.845380485057830811e-02
0.000000000000000000e+00 9.863331168889999390e-02
0.000000000000000000e+00 9.865657240152359009e-02
0.000000000000000000e+00 9.868476539850234985e-02
0.000000000000000000e+00 9.869293123483657837e-02
0.000000000000000000e+00 9.871389716863632202e-02
0.000000000000000000e+00 9.873683750629425049e-02
0.000000000000000000e+00 9.892649948596954346e-02
0.000000000000000000e+00 9.896852821111679077e-02
0.000000000000000000e+00 9.906701743602752686e-02
0.000000000000000000e+00 9.907433390617370605e-02
0.000000000000000000e+00 9.919716417789459229e-02
0.000000000000000000e+00 9.927912801504135132e-02
0.000000000000000000e+00 9.930621087551116943e-02
0.000000000000000000e+00 9.931850433349609375e-02
0.000000000000000000e+00 9.939533472061157227e-02
0.000000000000000000e+00 9.949814528226852417e-02
0.000000000000000000e+00 9.950221329927444458e-02
0.000000000000000000e+00 9.973892569541931152e-02
0.000000000000000000e+00 9.988584369421005249e-02
0.000000000000000000e+00 9.991716593503952026e-02
0.000000000000000000e+00 1.000039204955101013e-01
0.000000000000000000e+00 1.002040207386016846e-01
0.000000000000000000e+00 1.003744974732398987e-01
0.000000000000000000e+00 1.005112379789352417e-01
0.000000000000000000e+00 1.005512103438377380e-01
0.000000000000000000e+00 1.006016209721565247e-01
0.000000000000000000e+00 1.007040441036224365e-01
0.000000000000000000e+00 1.009936034679412842e-01
0.000000000000000000e+00 1.010788679122924805e-01
0.000000000000000000e+00 1.012439951300621033e-01
0.000000000000000000e+00 1.013612225651741028e-01
0.000000000000000000e+00 1.014811620116233826e-01
0.000000000000000000e+00 1.015959903597831726e-01
0.000000000000000000e+00 1.017697826027870178e-01
0.000000000000000000e+00 1.017978340387344360e-01
0.000000000000000000e+00 1.018022000789642334e-01
0.000000000000000000e+00 1.018552482128143311e-01
0.000000000000000000e+00 1.019965484738349915e-01
0.000000000000000000e+00 1.020044684410095215e-01
0.000000000000000000e+00 1.021430194377899170e-01
0.000000000000000000e+00 1.022459790110588074e-01
0.000000000000000000e+00 1.023067981004714966e-01
0.000000000000000000e+00 1.023538112640380859e-01
0.000000000000000000e+00 1.024161949753761292e-01
0.000000000000000000e+00 1.027466952800750732e-01
0.000000000000000000e+00 1.027934849262237549e-01
0.000000000000000000e+00 1.028979048132896423e-01
0.000000000000000000e+00 1.029912829399108887e-01
0.000000000000000000e+00 1.030742526054382324e-01
0.000000000000000000e+00 1.031103804707527161e-01
0.000000000000000000e+00 1.031200364232063293e-01
0.000000000000000000e+00 1.031433418393135071e-01
0.000000000000000000e+00 1.032311692833900452e-01
0.000000000000000000e+00 1.033003926277160645e-01
0.000000000000000000e+00 1.033753901720046997e-01
0.000000000000000000e+00 1.034976243972778320e-01
0.000000000000000000e+00 1.038301363587379456e-01
0.000000000000000000e+00 1.038574799895286560e-01
0.000000000000000000e+00 1.040340662002563477e-01
0.000000000000000000e+00 1.041198894381523132e-01
0.000000000000000000e+00 1.043526232242584229e-01
0.000000000000000000e+00 1.044436320662498474e-01
0.000000000000000000e+00 1.044652462005615234e-01
0.000000000000000000e+00 1.045311614871025085e-01
0.000000000000000000e+00 1.048793494701385498e-01
0.000000000000000000e+00 1.051968410611152649e-01
0.000000000000000000e+00 1.052216589450836182e-01
0.000000000000000000e+00 1.055911555886268616e-01
0.000000000000000000e+00 1.056062504649162292e-01
0.000000000000000000e+00 1.056401059031486511e-01
0.000000000000000000e+00 1.056922972202301025e-01
0.000000000000000000e+00 1.056952551007270813e-01
0.000000000000000000e+00 1.058594286441802979e-01
0.000000000000000000e+00 1.060515493154525757e-01
0.000000000000000000e+00 1.061538234353065491e-01
0.000000000000000000e+00 1.062207445502281189e-01
0.000000000000000000e+00 1.065081432461738586e-01
0.000000000000000000e+00 1.065157875418663025e-01
0.000000000000000000e+00 1.065329983830451965e-01
0.000000000000000000e+00 1.066286712884902954e-01
0.000000000000000000e+00 1.067184507846832275e-01
0.000000000000000000e+00 1.067831292748451233e-01
0.000000000000000000e+00 1.070351228117942810e-01
0.000000000000000000e+00 1.072408333420753479e-01
0.000000000000000000e+00 1.073336601257324219e-01
0.000000000000000000e+00 1.073795706033706665e-01
0.000000000000000000e+00 1.079123690724372864e-01
0.000000000000000000e+00 1.080985963344573975e-01
0.000000000000000000e+00 1.083556711673736572e-01
0.000000000000000000e+00 1.086557283997535706e-01
0.000000000000000000e+00 1.086950600147247314e-01
0.000000000000000000e+00 1.087699756026268005e-01
0.000000000000000000e+00 1.088603064417839050e-01
0.000000000000000000e+00 1.091073229908943176e-01
0.000000000000000000e+00 1.091220304369926453e-01
0.000000000000000000e+00 1.093739941716194153e-01
0.000000000000000000e+00 1.093762218952178955e-01
0.000000000000000000e+00 1.094061285257339478e-01
0.000000000000000000e+00 1.094309315085411072e-01
0.000000000000000000e+00 1.094543263316154480e-01
0.000000000000000000e+00 1.095134615898132324e-01
0.000000000000000000e+00 1.095163896679878235e-01
0.000000000000000000e+00 1.095712259411811829e-01
0.000000000000000000e+00 1.095862239599227905e-01
0.000000000000000000e+00 1.096057742834091187e-01
0.000000000000000000e+00 1.098987609148025513e-01
0.000000000000000000e+00 1.099143847823143005e-01
0.000000000000000000e+00 1.100655794143676758e-01
0.000000000000000000e+00 1.101133450865745544e-01
0.000000000000000000e+00 1.101443916559219360e-01
0.000000000000000000e+00 1.102626398205757141e-01
0.000000000000000000e+00 1.104636117815971375e-01
0.000000000000000000e+00 1.105031594634056091e-01
0.000000000000000000e+00 1.108191311359405518e-01
0.000000000000000000e+00 1.108670905232429504e-01
0.000000000000000000e+00 1.109695434570312500e-01
0.000000000000000000e+00 1.110797673463821411e-01
0.000000000000000000e+00 1.111031919717788696e-01
0.000000000000000000e+00 1.114832013845443726e-01
0.000000000000000000e+00 1.117621883749961853e-01
0.000000000000000000e+00 1.119389683008193970e-01
0.000000000000000000e+00 1.120079234242439270e-01
0.000000000000000000e+00 1.122332364320755005e-01
0.000000000000000000e+00 1.123203039169311523e-01
0.000000000000000000e+00 1.123689636588096619e-01
0.000000000000000000e+00 1.124165728688240051e-01
0.000000000000000000e+00 1.125633567571640015e-01
0.000000000000000000e+00 1.126459911465644836e-01
0.000000000000000000e+00 1.130001842975616455e-01
0.000000000000000000e+00 1.130860596895217896e-01
0.000000000000000000e+00 1.130912601947784424e-01
0.000000000000000000e+00 1.131008490920066833e-01
0.000000000000000000e+00 1.132608950138092041e-01
0.000000000000000000e+00 1.134165152907371521e-01
0.000000000000000000e+00 1.134925335645675659e-01
0.000000000000000000e+00 1.143116056919097900e-01
0.000000000000000000e+00 1.146515384316444397e-01
0.000000000000000000e+00 1.147488132119178772e-01
0.000000000000000000e+00 1.147636249661445618e-01
0.000000000000000000e+00 1.147910580039024353e-01
0.000000000000000000e+00 1.148133724927902222e-01
0.000000000000000000e+00 1.148806959390640259e-01
0.000000000000000000e+00 1.150113269686698914e-01
0.000000000000000000e+00 1.151381134986877441e-01
0.000000000000000000e+00 1.151787415146827698e-01
0.000000000000000000e+00 1.161993443965911865e-01
0.000000000000000000e+00 1.166970506310462952e-01
0.000000000000000000e+00 1.167599409818649292e-01
0.000000000000000000e+00 1.169492229819297791e-01
0.000000000000000000e+00 1.170423477888107300e-01
0.000000000000000000e+00 1.170567572116851807e-01
0.000000000000000000e+00 1.171399429440498352e-01
0.000000000000000000e+00 1.171411424875259399e-01
0.000000000000000000e+00 1.171967312693595886e-01
0.000000000000000000e+00 1.172044500708580017e-01
0.000000000000000000e+00 1.172491610050201416e-01
0.000000000000000000e+00 1.172691285610198975e-01
0.000000000000000000e+00 1.176024302840232849e-01
0.000000000000000000e+00 1.176597401499748230e-01
0.000000000000000000e+00 1.177532002329826355e-01
0.000000000000000000e+00 1.179313585162162781e-01
0.000000000000000000e+00 1.179584860801696777e-01
0.000000000000000000e+00 1.180684342980384827e-01
0.000000000000000000e+00 1.181239560246467590e-01
0.000000000000000000e+00 1.182504221796989441e-01
0.000000000000000000e+00 1.182924136519432068e-01
0.000000000000000000e+00 1.184678226709365845e-01
0.000000000000000000e+00 1.185673475265502930e-01
0.000000000000000000e+00 1.185933798551559448e-01
0.000000000000000000e+00 1.186970993876457214e-01
0.000000000000000000e+00 1.186986863613128662e-01
0.000000000000000000e+00 1.188312470912933350e-01
0.000000000000000000e+00 1.189762651920318604e-01
0.000000000000000000e+00 1.190981194376945496e-01
0.000000000000000000e+00 1.191190034151077271e-01
0.000000000000000000e+00 1.191565319895744324e-01
0.000000000000000000e+00 1.192094013094902039e-01
0.000000000000000000e+00 1.194648593664169312e-01
0.000000000000000000e+00 1.194708049297332764e-01
0.000000000000000000e+00 1.195015758275985718e-01
0.000000000000000000e+00 1.195716485381126404e-01
0.000000000000000000e+00 1.196209490299224854e-01
0.000000000000000000e+00 1.200584024190902710e-01
0.000000000000000000e+00 1.201457008719444275e-01
0.000000000000000000e+00 1.201653108000755310e-01
0.000000000000000000e+00 1.205453127622604370e-01
0.000000000000000000e+00 1.206360682845115662e-01
0.000000000000000000e+00 1.206396818161010742e-01
0.000000000000000000e+00 1.207157522439956665e-01
0.000000000000000000e+00 1.210020929574966431e-01
0.000000000000000000e+00 1.215788275003433228e-01
0.000000000000000000e+00 1.217254996299743652e-01
0.000000000000000000e+00 1.218320727348327637e-01
0.000000000000000000e+00 1.219294220209121704e-01
0.000000000000000000e+00 1.220030412077903748e-01
0.000000000000000000e+00 1.220304816961288452e-01
0.000000000000000000e+00 1.224056631326675415e-01
0.000000000000000000e+00 1.224751994013786316e-01
0.000000000000000000e+00 1.225487366318702698e-01
0.000000000000000000e+00 1.226886287331581116e-01
0.000000000000000000e+00 1.227291375398635864e-01
0.000000000000000000e+00 1.228448972105979919e-01
0.000000000000000000e+00 1.233325749635696411e-01
0.000000000000000000e+00 1.234293207526206970e-01
0.000000000000000000e+00 1.238775476813316345e-01
0.000000000000000000e+00 1.238969638943672180e-01
0.000000000000000000e+00 1.239679679274559021e-01
0.000000000000000000e+00 1.240885779261589050e-01
0.000000000000000000e+00 1.240976899862289429e-01
0.000000000000000000e+00 1.241276860237121582e-01
0.000000000000000000e+00 1.242084354162216187e-01
0.000000000000000000e+00 1.244322434067726135e-01
0.000000000000000000e+00 1.247820854187011719e-01
0.000000000000000000e+00 1.248612776398658752e-01
0.000000000000000000e+00 1.253578066825866699e-01
0.000000000000000000e+00 1.254437118768692017e-01
0.000000000000000000e+00 1.254873722791671753e-01
0.000000000000000000e+00 1.262436062097549438e-01
0.000000000000000000e+00 1.264775097370147705e-01
0.000000000000000000e+00 1.266107857227325439e-01
0.000000000000000000e+00 1.271563023328781128e-01
0.000000000000000000e+00 1.273521184921264648e-01
0.000000000000000000e+00 1.276836097240447998e-01
0.000000000000000000e+00 1.276838779449462891e-01
0.000000000000000000e+00 1.278845071792602539e-01
0.000000000000000000e+00 1.280623078346252441e-01
0.000000000000000000e+00 1.282568573951721191e-01
0.000000000000000000e+00 1.283634155988693237e-01
0.000000000000000000e+00 1.283851414918899536e-01
0.000000000000000000e+00 1.284479051828384399e-01
0.000000000000000000e+00 1.289129406213760376e-01
0.000000000000000000e+00 1.293031573295593262e-01
0.000000000000000000e+00 1.293819546699523926e-01
0.000000000000000000e+00 1.293924301862716675e-01
0.000000000000000000e+00 1.295490711927413940e-01
0.000000000000000000e+00 1.295837163925170898e-01
0.000000000000000000e+00 1.303576081991195679e-01
0.000000000000000000e+00 1.304163485765457153e-01
0.000000000000000000e+00 1.305040419101715088e-01
0.000000000000000000e+00 1.306153535842895508e-01
0.000000000000000000e+00 1.309245675802230835e-01
0.000000000000000000e+00 1.310305893421173096e-01
0.000000000000000000e+00 1.310520917177200317e-01
0.000000000000000000e+00 1.312505155801773071e-01
0.000000000000000000e+00 1.312961578369140625e-01
0.000000000000000000e+00 1.314934194087982178e-01
0.000000000000000000e+00 1.317062824964523315e-01
0.000000000000000000e+00 1.320714950561523438e-01
0.000000000000000000e+00 1.322505772113800049e-01
0.000000000000000000e+00 1.323433816432952881e-01
0.000000000000000000e+00 1.323512792587280273e-01
0.000000000000000000e+00 1.325054317712783813e-01
0.000000000000000000e+00 1.326159983873367310e-01
0.000000000000000000e+00 1.330491304397583008e-01
0.000000000000000000e+00 1.332284361124038696e-01
0.000000000000000000e+00 1.336045563220977783e-01
0.000000000000000000e+00 1.338201612234115601e-01
0.000000000000000000e+00 1.343439221382141113e-01
0.000000000000000000e+00 1.347334533929824829e-01
0.000000000000000000e+00 1.353451609611511230e-01
0.000000000000000000e+00 1.356659382581710815e-01
0.000000000000000000e+00 1.359887719154357910e-01
0.000000000000000000e+00 1.361711174249649048e-01
0.000000000000000000e+00 1.367649435997009277e-01
0.000000000000000000e+00 1.370536983013153076e-01
0.000000000000000000e+00 1.387046724557876587e-01
0.000000000000000000e+00 1.392225474119186401e-01
0.000000000000000000e+00 1.395426243543624878e-01
0.000000000000000000e+00 1.399029642343521118e-01
0.000000000000000000e+00 1.403860300779342651e-01
0.000000000000000000e+00 1.408088207244873047e-01
0.000000000000000000e+00 1.410327851772308350e-01
0.000000000000000000e+00 1.415792405605316162e-01
0.000000000000000000e+00 1.422651559114456177e-01
0.000000000000000000e+00 1.423819512128829956e-01
0.000000000000000000e+00 1.424642056226730347e-01
0.000000000000000000e+00 1.424933075904846191e-01
0.000000000000000000e+00 1.425062119960784912e-01
0.000000000000000000e+00 1.427292972803115845e-01
0.000000000000000000e+00 1.427550166845321655e-01
0.000000000000000000e+00 1.428500562906265259e-01
0.000000000000000000e+00 1.428790986537933350e-01
0.000000000000000000e+00 1.430778503417968750e-01
0.000000000000000000e+00 1.432624012231826782e-01
0.000000000000000000e+00 1.433957517147064209e-01
0.000000000000000000e+00 1.437570005655288696e-01
0.000000000000000000e+00 1.439945995807647705e-01
0.000000000000000000e+00 1.440868973731994629e-01
0.000000000000000000e+00 1.440934091806411743e-01
0.000000000000000000e+00 1.442171633243560791e-01
0.000000000000000000e+00 1.443260014057159424e-01
0.000000000000000000e+00 1.452764123678207397e-01
0.000000000000000000e+00 1.462424099445343018e-01
0.000000000000000000e+00 1.467384994029998779e-01
0.000000000000000000e+00 1.470114588737487793e-01
0.000000000000000000e+00 1.474218070507049561e-01
0.000000000000000000e+00 1.479580104351043701e-01
0.000000000000000000e+00 1.480938196182250977e-01
0.000000000000000000e+00 1.488358229398727417e-01
0.000000000000000000e+00 1.490987241268157959e-01
0.000000000000000000e+00 1.492291241884231567e-01
0.000000000000000000e+00 1.492435038089752197e-01
0.000000000000000000e+00 1.496896296739578247e-01
0.000000000000000000e+00 1.498015969991683960e-01
0.000000000000000000e+00 1.500444412231445312e-01
0.000000000000000000e+00 1.500946432352066040e-01
0.000000000000000000e+00 1.502760946750640869e-01
0.000000000000000000e+00 1.517572849988937378e-01
0.000000000000000000e+00 1.519725024700164795e-01
0.000000000000000000e+00 1.522698700428009033e-01
0.000000000000000000e+00 1.529520601034164429e-01
0.000000000000000000e+00 1.540872752666473389e-01
0.000000000000000000e+00 1.544523686170578003e-01
0.000000000000000000e+00 1.559390872716903687e-01
0.000000000000000000e+00 1.565109789371490479e-01
0.000000000000000000e+00 1.569501012563705444e-01
0.000000000000000000e+00 1.572097837924957275e-01
0.000000000000000000e+00 1.572268754243850708e-01
0.000000000000000000e+00 1.573196202516555786e-01
0.000000000000000000e+00 1.576758474111557007e-01
0.000000000000000000e+00 1.577810496091842651e-01
0.000000000000000000e+00 1.586217135190963745e-01
0.000000000000000000e+00 1.587598770856857300e-01
0.000000000000000000e+00 1.596086472272872925e-01
0.000000000000000000e+00 1.596118658781051636e-01
0.000000000000000000e+00 1.604358106851577759e-01
0.000000000000000000e+00 1.606479585170745850e-01
0.000000000000000000e+00 1.613928079605102539e-01
0.000000000000000000e+00 1.623296290636062622e-01
0.000000000000000000e+00 1.634842753410339355e-01
0.000000000000000000e+00 1.636112034320831299e-01
0.000000000000000000e+00 1.645857244729995728e-01
0.000000000000000000e+00 1.656333208084106445e-01
0.000000000000000000e+00 1.663583070039749146e-01
0.000000000000000000e+00 1.710271388292312622e-01
0.000000000000000000e+00 1.717169582843780518e-01
0.000000000000000000e+00 1.732398718595504761e-01
0.000000000000000000e+00 1.743560731410980225e-01
0.000000000000000000e+00 1.763408184051513672e-01
0.000000000000000000e+00 1.766639351844787598e-01
0.000000000000000000e+00 1.772086769342422485e-01
0.000000000000000000e+00 1.773916631937026978e-01
0.000000000000000000e+00 1.790874004364013672e-01
0.000000000000000000e+00 1.800631731748580933e-01
0.000000000000000000e+00 1.801742315292358398e-01
0.000000000000000000e+00 1.807921975851058960e-01
0.000000000000000000e+00 1.827433556318283081e-01
0.000000000000000000e+00 1.858169585466384888e-01
0.000000000000000000e+00 1.888783276081085205e-01
0.000000000000000000e+00 1.901434808969497681e-01
0.000000000000000000e+00 1.994115561246871948e-01
0.000000000000000000e+00 2.066691517829895020e-01
0.000000000000000000e+00 inf
