1.056238390609632205e+00 -1.907140353327769766e+00
-1.539629412881295512e+00 1.797866465166362948e+00
-2.443535079630360096e-01 1.425349719946933380e+00
-2.450391179725715851e+00 -2.819172450446858047e+00
-1.570393872636926424e+00 -1.762628447251302966e+00
1.344319838565089187e+00 2.658456293626778599e+00
-4.312395156383423411e-01 -1.208621060816057746e-01
-1.502053194801039826e+00 -1.980273155783536021e+00
-2.024466449642538635e+00 3.021784257160476717e+00
9.118705536415718793e-01 2.463747029005210809e+00
-2.513093735303931986e+00 2.156251068826181339e+00
-5.887198719876414188e-01 -1.702430897540599064e+00
4.214679402548580089e-01 2.755630683907786427e+00
2.793964818700067188e+00 3.749672831406223317e-01
1.139622870664704690e+00 2.500985816699406783e+00
2.012065352427060194e+00 -1.646223417118022114e+00
-2.866804833494549953e+00 1.146629359467207676e+00
-1.417430184132537185e+00 1.102395896344780191e+00
1.500670418875875711e+00 -2.943349525045424464e+00
-8.804332955306972686e-01 -2.941614025979786273e+00
-2.486874776485662686e+00 -2.297126525549280540e+00
2.457271476217357975e+00 -9.460479391788227943e-01
-2.310729324298022025e+00 -1.731298254307229723e+00
-9.280730989643196649e-01 -2.444011362548908828e+00
-1.240045599028923640e+00 -1.743939660545249959e+00
2.366905267461330897e+00 2.029210702344966588e+00
-6.368467578683585373e-01 2.273185165310379841e+00
1.161399060483253143e+00 1.434220178427995540e+00
-1.210597378296158322e+00 1.845459780782555903e+00
1.580477923610916990e+00 -2.318645396595941932e+00
-8.153869440164832616e-01 5.787124053815544400e-01
3.577977674123784535e-01 2.725024835886568297e+00
1.287235315612548225e+00 2.707190583963613228e+00
4.965671556239786288e-01 3.101914951929923170e+00
-4.653603773195741922e-01 2.675570623338764165e+00
-2.037500872812067154e+00 1.961995128182522530e+00
-2.611219027713921115e+00 2.678844267605529961e+00
1.301757091422306445e+00 -6.698556438885384656e-01
1.971788564713102376e+00 -3.508529531745596119e-01
9.023694055456227270e-02 -3.130052478659278936e+00
6.342121103539235527e-01 -2.362773288108061198e+00
-1.764503373923736351e+00 7.264518012019155480e-01
-2.686600935526146650e+00 1.993563477554836094e+00
-3.597298849011586475e-01 2.606429959980023803e+00
-2.635426902842134211e+00 -8.400043348917000108e-01
-2.783064864611130562e-01 1.573657471963625154e+00
2.185470793941723944e+00 3.034993792079725416e+00
2.320413401269798559e+00 -9.073054288334182760e-02
1.123468864901925324e+00 -3.019164038547917706e+00
6.257894217363595413e-01 -2.432255428054907576e+00
-2.815235753554403253e+00 7.579322617750757773e-01
1.570041706883999133e+00 -1.091132930712034987e+00
2.690374402798519693e+00 -2.494046769002213004e+00
-6.675244287194032067e-01 -2.858422017535826143e+00
-3.107788455360191548e+00 2.153648684203281150e+00
1.292845758656070654e+00 1.910847273223465814e+00
2.559491386856078687e-01 2.620227829077950155e+00
1.125914262690132839e+00 -2.002446345780086734e+00
4.409300995129087353e-01 -7.825277417422998871e-01
-8.445935116018933320e-01 -3.076107175881487077e+00
-1.517714789822662169e+00 -2.077762780178250779e+00
2.098009859896573293e+00 -2.601637369181230675e+00
-2.369854260626073295e+00 -2.356800804407445771e+00
-2.868147260231260098e+00 -2.043988975097947414e+00
1.054879729563398705e+00 -9.905916795101500361e-01
-2.311400916538468020e-01 5.227295283213562183e-01
1.622746249846540367e+00 -1.484824498477645527e+00
-1.950440844711652577e+00 1.531000984343805271e+00
2.903978711692511983e+00 1.220338852225452797e+00
1.366702973642482277e+00 -2.686332162876434282e+00
1.042529893469455127e+00 6.013794780921326577e-01
8.844639014262118959e-01 -7.205128002756948646e-01
1.474752534237669943e+00 -2.342063782043555697e+00
2.061016924578134901e+00 -1.737826274427098028e+00
-2.284117667032974780e-02 1.013427945225923443e-01
1.592353111659440268e+00 -2.548259656131348194e+00
-3.067010304923519115e+00 -2.784800767072632244e+00
-3.837707483222036267e-03 9.987729005246179792e-01
1.622289319445665123e+00 9.617704115943851439e-01
2.396822461581905817e+00 -1.913044391296657709e+00
5.340832834198311341e-01 2.002868526664748572e+00
4.063844168754887631e-01 -1.935407713289341247e+00
-2.702939243419715254e+00 -2.799892618006409428e+00
1.078947037834568690e+00 2.443848532549606656e+00
-2.101881700277754561e+00 -4.704064412425176256e-01
1.152317809224804535e+00 -9.948167490837199756e-01
1.803424585723161777e-01 2.245595139805469209e+00
1.894757654497278176e+00 2.738932448605824743e-01
-1.561821659575099552e+00 1.914914280954037151e+00
-2.033948573793200154e+00 2.501874426156341702e+00
-1.236736822487713300e-01 -1.853798341521082138e+00
-1.194192536333410715e+00 -2.916351748687188300e-02
7.351175631401619670e-01 2.236279054882737150e+00
-1.675199683550768537e+00 -1.491956087581033819e+00
1.231782082237310005e+00 -2.556144820477747270e+00
1.267636603154953967e+00 -1.937094728636942431e+00
-2.699556364761293459e+00 9.495617881049416287e-01
1.225336679679539742e+00 2.506213661839250317e+00
-1.704526672869169257e+00 1.513342237724625949e+00
-1.006974326141451687e-01 2.157997781130900794e+00
3.914805018462984010e-01 -3.059106028016235435e+00
-2.031472499524969777e+00 -2.094659728183490888e+00
-2.919375072309075558e-01 6.654426372146211577e-01
-1.296738704545551624e+00 8.224372307965488460e-01
6.975979453016417642e-01 2.023063815758445738e+00
7.760633075371129452e-01 -2.126453987284234515e+00
9.014552885245549207e-01 -9.644298301225329162e-01
1.121170879770522211e+00 -2.806966887263686150e+00
-1.908289574929522114e+00 -9.145019918825694205e-01
3.103859037712647595e+00 2.418007281455013313e+00
2.875393744678785612e+00 1.990437060666522040e+00
1.835665208914759150e+00 2.225910604530377146e+00
5.127559234022946999e-01 1.074938835586886299e+00
7.186773083454648381e-01 -1.073716984080350212e+00
-1.382016637605707476e+00 2.127931683018978504e+00
2.444111799300178856e+00 -2.812541765966184659e+00
3.034343242451778000e+00 -2.648039223310988177e+00
-1.936340161554968020e+00 -3.006296451165849426e+00
5.856980159167302080e-01 1.688960783812171879e-02
-8.875788986595138930e-01 -7.322789032352371164e-02
-2.948986487863916039e+00 -5.947564210037433741e-01
-7.754247687494322250e-01 1.304614592312326460e+00
1.325002199910162215e+00 1.837765180962948497e+00
-2.097854798518059116e+00 -3.015865153810351362e+00
-2.953942683523790080e+00 -6.163090220998882485e-01
-2.920245407483823996e+00 -1.028501834141925947e-01
5.349137124576500701e-01 1.618184513473636565e+00
-5.403010910838159653e-01 -2.737212860700664940e+00
-1.000109008270100741e+00 -1.212851527654818629e+00
-1.071166307594295652e+00 2.477900128587695150e+00
8.535173828492910175e-01 -1.689717949885889858e+00
-8.515697223623117651e-01 1.012026464903539535e+00
-1.612467583841558749e+00 -2.508884891723754507e+00
-2.893788048106340938e+00 -8.427984647595025969e-01
-2.007149024957725292e+00 -1.035367829381830945e-01
-9.734574207314617977e-01 4.986699679958434550e-01
2.025715513336662443e+00 2.691385302771422516e+00
-2.187073551531203641e+00 1.285180689790612618e+00
1.729189875904027618e+00 2.831432576106287069e+00
2.404095255960319033e+00 -2.841485275829772839e+00
-2.661721297468685243e+00 5.863890153630626489e-01
2.203428292973657054e+00 1.865231262778143106e+00
1.625839052527993767e+00 -4.550016382842729246e-01
1.829835283158013082e-01 -2.708029422127023800e+00
-2.771239845495342635e+00 2.874004342168023918e+00
2.081121174788933548e+00 -1.548641873218932874e+00
1.461467897036865526e+00 -1.621927934773066848e+00
2.830644117709197882e+00 3.052310654041041627e-01
1.009061025621204699e+00 -1.830308244897283831e+00
2.095101139034409865e+00 -1.010063835102477547e+00
-2.274597108775493037e+00 1.042618475953600132e+00
5.524840116505246312e-01 -1.376030538200701647e+00
1.323174940958968371e+00 1.800362660201241027e+00
2.652625850144126662e+00 1.925606251215226772e+00
6.943426129806330449e-01 -2.103224242661697385e+00
1.950669078332808448e+00 6.998976559804267472e-01
9.998730809627828231e-01 -2.105668505710215577e+00
2.588807536872219206e+00 -7.046165525567514853e-01
-1.090337125943446228e+00 -1.908132577379298089e+00
2.370423722196649319e+00 2.766661645005683123e+00
3.024887250530411631e+00 2.753382181313725585e+00
2.495164208695075825e+00 -1.475944762991502568e+00
-1.383821879054513815e+00 -2.729151795953462134e+00
-2.913942273605170108e+00 5.334685906852062454e-01
-4.314512094719055169e-01 -2.622154889010463119e+00
1.274397943577982195e+00 -1.163371325511906473e+00
1.105833648898296023e-01 2.117850548022183421e+00
1.562240895975085531e+00 -4.550497711076025853e-01
-7.101768490046332927e-01 -1.566291280773460803e+00
-1.532021766004767471e+00 -2.676235915614018523e+00
1.448857998944132364e+00 -1.560466840566063773e+00
1.522228465336873171e+00 4.973075871888248956e-01
-2.742381480293036411e+00 -8.834844937125240216e-01
9.397393208316685564e-01 -1.121522733330245547e+00
1.106811327073063289e+00 -5.662930640976161500e-01
-1.543138846546574072e+00 8.082136502358516772e-01
-2.941531695377488376e+00 5.138394416487946925e-01
1.714271363909214196e+00 8.696906931861314582e-01
-2.852396493803954214e-01 2.509370443318249322e+00
8.324091193410113609e-01 2.665998635279578366e+00
1.140168268950715991e+00 -2.750663050511232388e+00
2.669681669121363177e-01 7.680788749484346312e-01
9.421343756770016453e-01 1.265430387952724667e+00
1.549531756966406215e+00 -1.183473463386071067e+00
-2.203745072485391865e-01 2.940452649255986373e+00
5.390540479911504201e-01 -1.206759820243184400e+00
1.456128810093304971e+00 4.666131255706635478e-02
-6.574221410562275381e-01 -2.817425995739800459e+00
2.664599696180637078e+00 -4.276829270958917295e-01
-3.371652443677898292e-01 -2.625269016073726203e+00
-2.890891904173686910e+00 1.294937646556634903e+00
-3.007980389119135900e+00 -1.773381537747633852e+00
1.410220329596652888e+00 2.381238322457210455e+00
1.810907606555209215e+00 -2.083605110204253652e+00
6.973745512001070512e-01 1.842212520967206613e-01
-2.937169152413462214e+00 -2.287705512472926195e+00
-8.133152036489302850e-01 2.023055917234882484e-01
2.398778510015700416e+00 -1.603590437721255757e+00
1.602457118966181371e+00 2.971400027238848107e+00
3.561122987521039285e-01 7.650051773934105626e-01
2.705190134768718391e+00 -2.873703231117453960e+00
-1.605372366172020282e+00 4.195562005664468797e-01
1.787999355776827892e+00 -2.177972747266881282e+00
-2.564098792694220919e+00 -2.459033037959049844e-02
-2.156627340491172884e+00 -1.448919263493366749e+00
1.286579731612514377e-01 -2.678056226598470868e+00
-2.944929357551871796e+00 6.448763526718409578e-01
-2.400257655805748125e-01 -1.885998131102789133e+00
2.539923544980988712e+00 -2.128945077605467695e+00
1.713652969887069277e+00 3.084863697537050253e-01
1.521831580065192702e+00 -1.305021974941011020e+00
1.855845080073912801e+00 -3.023992844706079985e+00
-6.814761204212652634e-01 2.675805638999380953e+00
-1.497381575969696677e+00 -1.330859238699452440e+00
2.047781111729527037e+00 2.585965696153081250e+00
2.978495685308931495e+00 3.022377226621300483e+00
4.258436312533048912e-02 1.141207675648207243e+00
9.622529403065319675e-01 2.018906188297906468e+00
2.568401359793573757e+00 -9.705448064421269283e-01
-3.123120921140557726e+00 1.174350889113120022e+00
2.460875981698405379e+00 2.621917062685273692e+00
-8.422065050947357134e-01 -6.889822201984174832e-02
-1.521245309316174410e+00 1.486600460589575956e+00
-1.351001884051094670e+00 -5.225578637111537583e-01
-4.066582494640511025e-01 -5.127238313122959301e-01
-5.382954267152916250e-01 5.736318359303969050e-01
-2.944610139531056880e+00 2.913215988634453080e+00
3.122296195260318985e+00 -3.127667008053874653e+00
2.426226958388653099e+00 1.970840138285975041e+00
2.545305562331779736e+00 2.974430848208298173e-01
3.116851288677562781e+00 1.518555644896619317e+00
-5.201083689963906798e-01 6.002304402207760958e-01
-2.890556390431888723e+00 1.496968307009147292e+00
1.742801715756651548e+00 -1.207684222530640339e+00
2.097076462997855106e+00 -6.598708784894560253e-01
1.749944225417700228e+00 2.715774404486459015e-01
1.343297769475174652e+00 1.897187925155276123e+00
-2.271994384105869624e+00 -1.220056444901029963e-01
2.177569753913480288e-01 -2.893376532957427028e+00
2.161582627696573972e-02 -2.347967527935192589e+00
2.550590537612376085e+00 3.484282862457277474e-02
3.140388293938769504e+00 3.046775890350919003e+00
-4.951302008390640053e-01 -7.333397977387105804e-02
-1.695928247068550832e+00 2.357360193746339316e+00
3.874848103438328639e-01 6.097087325954542170e-01
1.546749296110459859e+00 2.902258343944393637e+00
2.199378079125653418e+00 -2.324497957087061362e-01
-2.888017867766819791e+00 2.147785088695894018e+00
-1.751867969563681626e+00 -1.263405728271258077e+00
1.230883148450281572e+00 -1.263885776207358980e+00
-1.073420492655816627e+00 1.308462638315260884e+00
-8.170773618338044164e-01 2.785761429635353892e+00
4.929347588327073759e-01 -1.786929889331082100e+00
5.894364282727460047e-01 2.579371884019308059e+00
4.826881357279593221e-01 1.200132095552536748e+00
-2.179232319380107086e+00 -2.042392938735989594e-01
7.872582888458450334e-01 -2.194400165894008659e+00
7.194714228883430929e-02 -8.453406841370787461e-01
1.908378169697593885e+00 1.586024116452909583e-01
1.918772672385134770e-01 1.677018693896453305e+00
3.054529090062992669e+00 -3.128579546447108228e+00
-2.186799874305989988e+00 4.237922732384579172e-01
-1.025144467883392529e+00 -4.377331152816157228e-02
-2.169495252801032503e+00 1.485737053491932969e+00
7.312369180462376939e-01 2.351747140705101824e+00
-1.471445896549232302e+00 1.344676519313489083e+00
1.745886685598108778e+00 6.625359166165947222e-01
-1.116652814268840554e+00 1.460713573124795106e+00
4.472846045991125952e-02 1.888789186583000435e+00
2.026284029337552806e+00 -2.296866971260136392e+00
-2.266811906420035161e+00 1.767050246692776216e+00
-3.002465617228732953e+00 2.276252021700634565e+00
-1.843515626150976860e+00 3.733998836654699865e-02
1.500412021982742594e+00 2.297881038581377933e+00
3.105777803559162553e+00 -2.928680751263712079e+00
1.704645918043384833e+00 1.017975526886297999e+00
-2.929143125814435145e+00 -2.529402378707048982e+00
2.772409206332063558e+00 1.841931283641717654e+00
2.503304783997540195e+00 -2.311894924845782295e+00
1.575814941987469853e+00 1.645981252100852665e-01
-2.426157693884204714e-01 -7.062711176197776775e-01
-1.252767827661469102e+00 1.012763418480008976e-01
-1.839880586239659443e+00 7.977008352336022456e-01
6.128889483455632892e-01 -1.400129547347658931e+00
-1.451265013169082962e+00 2.883682486422737834e-01
-1.695259114712934223e-01 -1.815848762156396567e+00
2.595380585985207045e+00 -1.819224645329005352e-01
-6.098685710741075239e-01 -8.062399091406355911e-01
1.057556457984417664e+00 -1.821108053878981226e+00
1.507427770815855661e+00 -2.606909730373686562e-01
2.447027436849671833e+00 2.700596849438786418e+00
2.457694863895541371e+00 -7.987253377659382370e-01
1.984929203514013141e+00 2.236547989389725100e+00
1.114979299916119881e+00 -4.413079841045155494e-01
-9.095454178715911553e-01 9.347975837370002816e-01
-1.119625567872297056e+00 -3.768088122597587075e-01
2.444889290684222782e+00 -1.051075131359247239e+00
-7.175644242442252851e-02 -9.672659787553604671e-01
-3.280099065028924676e-01 7.786312351755968475e-01
-3.033064885134939992e+00 -2.535347591593660965e+00
4.394931631170088115e-01 1.029969949878742075e-01
-2.421381508425025419e+00 -1.751850294642789851e+00
-3.092641833385371797e+00 4.861623506997423544e-02
4.369737623737239840e-01 5.329540873654022848e-01
1.762762232929140915e-01 1.416848299331939565e+00
-2.826234857740232087e+00 -7.846156939949572307e-01
2.861963779417604936e+00 2.284417379218225186e+00
1.863876592926408060e+00 -2.890516975786397769e+00
-3.685081733862553555e-01 -2.713687541150678229e+00
-1.876370147938332789e+00 1.416628072781745074e+00
6.483445781598292657e-01 -2.688281141029332577e+00
-1.174296919059413469e+00 -2.130302699895609386e+00
-6.987332190665267173e-02 1.873931073225441279e+00
-6.207798417457786044e-01 2.630310129534040087e+00
2.806286707573746764e+00 2.846841673554044494e+00
2.807140432602818425e+00 -4.250533294392124239e-01
-2.855743405966782333e+00 -2.591853224956502721e+00
7.939476404133520848e-01 -3.251399383302849277e-01
-2.137858748700529055e-01 -2.789515912041196533e+00
1.952211922113982867e+00 -3.138065142359576676e+00
-1.272509336456488338e+00 2.219353604499018501e-02
-2.336369478912229347e+00 3.021514974858801494e+00
1.455757141301613933e+00 -4.558136871404685486e-01
-1.684019628299235904e+00 1.246368382741235736e+00
-2.759216029618600352e+00 3.272982502304166985e-01
1.200831174038298421e+00 2.555867166745781294e+00
8.464422426206185124e-01 2.339836095314312914e+00
-7.437362280455168673e-01 -8.975338079589350038e-01
1.919772209306435551e+00 1.672025702939958780e-01
7.552365208077620358e-03 -5.017171863451928004e-01
1.435062731460257091e+00 -2.004945588279959168e+00
2.769135026571137193e+00 -6.017658269054377840e-01
2.517996708315995313e+00 -2.465967575714882898e+00
-1.801360959188590183e+00 -1.181532184365134075e+00
2.242800469598827728e+00 2.108284336136168058e+00
4.458920594030189588e-01 2.196389387828952433e+00
-1.549975309028148174e-01 2.449652035646677106e+00
1.442306852906646508e+00 -1.540655374339442885e+00
-2.095016813677408773e+00 2.320324881241173642e+00
2.278353687912349823e+00 1.521911929260095775e+00
-2.239335153501524456e+00 -3.916412647856886142e-01
1.066345639971488346e+00 -5.779834075517592540e-01
-2.784855658754517904e+00 2.191558171621456275e+00
-2.676263800339466314e+00 -2.295636708757418099e+00
5.231115553358878234e-01 1.720601360744168140e+00
2.645319717631170686e+00 1.295059548320526499e+00
2.121263915905578390e+00 2.113283586816361304e+00
-8.903216136406592041e-01 2.055229239261737728e+00
-3.692258346197152541e-01 -7.396810712653182351e-01
-2.039985347211361599e+00 -1.116498060469750309e+00
1.743475902704888947e+00 -1.824491063863721729e+00
-2.984281291252903756e+00 -2.554414833199952217e-01
2.889872212670973273e+00 2.654918187894946602e+00
3.024829255597313082e+00 1.539587987626594989e+00
1.841011262580104724e+00 7.376361356474104847e-01
2.725694797319632823e+00 1.891574036926851221e+00
-1.150717523496226774e-01 9.127189589491996324e-01
1.174889553213479126e-01 5.792223325111692800e-01
4.969594447912612650e-02 -2.494850587605134340e+00
2.328868446726260477e-01 2.288257233368911514e+00
2.622387407101590129e-01 -2.735885225710151580e+00
1.982330024908093735e+00 1.202197789170017739e+00
1.874510151480873521e+00 -2.030060355465594046e+00
1.006224453304348510e+00 1.354060659939591016e+00
1.168205314743444134e+00 1.746873759261794445e+00
2.469101316370128085e+00 -1.622567121311569549e+00
-1.971298262772448684e+00 -2.766248385393112130e+00
2.414859421179023635e-01 2.103839229634772767e+00
-1.330883488453361796e+00 -2.871486166728295153e+00
1.107434664392088486e+00 -1.922750818773285131e+00
1.682532199957602836e+00 -5.520901633048024282e-01
6.914555455934034978e-01 -2.634456577094510088e+00
2.786257569802904843e+00 1.462011637040571799e+00
1.833560276708760428e+00 -1.591545724578895538e+00
-2.896618249714366655e+00 -1.396318443700346634e+00
1.014414145961411773e+00 1.259158597712816352e+00
-2.136188633329635156e+00 -1.127365426649138413e+00
7.589051130810914314e-01 2.921271847990138948e+00
2.406773925983909823e+00 -1.383766872913856361e+00
-2.656696348801104612e+00 1.492119662605433827e+00
1.934868279831767568e+00 2.089663464147927918e+00
6.541684540796458558e-01 -2.909295797467764677e-01
-1.279786565159215517e+00 -2.150011304723467020e+00
-1.844511507289224639e+00 -1.427050678327464128e+00
8.900884079155861883e-01 -1.958001748016331867e+00
-2.682327571130625365e+00 1.283680631461559196e+00
-1.988223606343366701e+00 2.957424628494064844e+00
-6.160164238876494336e-01 -1.200315388117801696e+00
-1.023640104658241512e+00 -2.041814515952514508e+00
2.851127797733497449e+00 3.787432257016016407e-02
-6.686139980303810182e-01 5.491990443699505953e-01
1.742747347314059114e+00 2.178975490653291658e+00
2.084857435159714445e+00 -3.495616240413392251e-01
1.080166785082171899e+00 3.086240813085977308e+00
2.498088754767030739e+00 1.697567553866895063e+00
-2.662681574607645096e+00 2.264609018430566945e+00
1.223213676134806027e+00 1.323569494366463983e+00
1.851239160143744344e+00 2.646478010593825037e+00
2.617028484997921733e+00 1.369957070221701878e+00
2.622073990517449271e+00 -9.691655797835355690e-01
2.100814472946888944e+00 2.866832723995976107e+00
2.066638287118461204e+00 1.758047931154823385e+00
1.942790335938898161e-01 -4.216542103864810431e-01
1.964358658141766245e+00 1.975127806414983533e+00
1.269642442077371758e+00 -5.672795089030416849e-01
2.315779123176291865e+00 2.728039112502314012e-01
-1.298813083664518864e+00 -1.840250350020316228e+00
2.631600649637084732e+00 3.040364500367613410e+00
-1.447727484697742262e-01 2.791123245675687148e+00
3.111037195820540280e+00 2.282263035399950679e-01
2.797903008841181371e+00 2.556200247446341889e-01
1.062251822858250039e+00 2.090752637634449851e+00
2.108546129500938893e+00 -3.322577298905121101e-01
2.719044687651183789e+00 -2.402313214139679687e+00
-2.170601949944095388e+00 2.317708985437795466e+00
-2.877255277494606744e+00 -2.438020167058536192e+00
-6.020565958567803966e-01 1.295162640133696863e+00
-1.385821630066401688e+00 1.037143048285523950e+00
6.448883335831832042e-01 2.273364926670525588e+00
-1.570213786855633398e+00 -8.585762138764938545e-01
2.935370053738286078e+00 -3.082519858440758931e+00
-1.937711845212014339e+00 1.865487243367778047e+00
7.320891311729490480e-01 -3.125782584215733850e-01
2.641752746907377603e+00 -1.156319161426735187e+00
-3.066111287832696597e+00 2.029305132018064395e+00
1.336088094456708619e+00 -1.753118956280065033e-01
2.796760881177095204e+00 -7.947539626404087620e-02
2.417490196758431242e+00 2.567687347981517654e+00
-1.648579417926717916e+00 -2.161898904471077465e+00
-8.079787522038111014e-01 2.548794216319160810e+00
1.046281723657432217e+00 1.616965836819655333e+00
2.649770176781486075e+00 5.193220794414471486e-01
1.547807005864016316e+00 1.656312653548087210e+00
-5.873942342595545041e-01 1.705758226767697394e+00
-4.884247079256644475e-01 2.504723208332694462e+00
2.123639171970614914e+00 1.161673193640968327e+00
-1.252182709521310944e+00 -2.901675297565750600e-01
2.270381645560364259e+00 6.464133842312090872e-01
1.009737820039085188e+00 -2.354884237838566818e+00
2.537911639278980669e+00 2.775266538791613335e+00
-2.276890353222844610e+00 2.661042382655093075e+00
-1.809048945550830290e+00 2.337293304861371102e+00
-3.515808470740279801e-01 -8.274030782161739817e-01
-1.510284710397625574e+00 1.762288843802127580e+00
-1.473688527796118974e-01 1.292838098138283931e-01
-1.293192362321117450e+00 -5.146116259399058368e-01
3.023362321428223698e+00 -8.514955287825779484e-01
-2.359276271664395352e+00 1.739825258748772141e+00
-2.705127708424745592e+00 -2.994016035052367020e+00
2.248018393828876693e+00 6.854213582378660963e-01
1.238168595073626976e+00 5.870195857324483901e-01
3.208003559117243442e-01 -1.021230559408039085e+00
-2.979448399592055097e+00 2.577775528670494865e+00
-9.942242904857344632e-01 -2.125497664262740116e+00
-2.514613988474393658e+00 -3.568814164323604876e-01
2.213157072473000309e+00 1.540200931239219750e+00
-3.053649589355388549e+00 8.268565861170242004e-02
1.991032888641544263e+00 1.517289084124093801e-01
6.161190678952233046e-01 -1.825983547548558628e+00
3.099939552003470045e+00 -4.740544889200111189e-01
-2.843939384762390610e+00 2.936322704994695609e+00
1.523341072866794876e+00 2.356880287914981498e+00
1.300773928309530758e+00 -2.872292662997249391e+00
1.358615759687984648e+00 -8.864516531987227665e-01
-1.744321556075971724e+00 -2.185581669343525490e+00
2.975026673332145766e+00 1.463855863701226889e+00
-9.761405877834999911e-01 -1.416354346903759165e+00
1.550502338868353647e+00 8.458015486125664006e-01
4.719005843854405247e-01 1.040243975539730803e+00
1.894349527872219996e+00 -2.433588989864895247e+00
3.353684090929027334e-02 1.500320389073674487e+00
2.492001725847590610e+00 -1.854931092363306888e+00
-7.564176149964202400e-01 2.196089675896187199e+00
-1.704608246475919131e+00 1.743106149377980696e+00
-1.506283843385098020e+00 -6.795855700051835029e-03
7.258288294093718784e-01 2.551986370602888909e-01
-7.298738476139003950e-01 -2.225362727894586001e+00
1.573031564868957455e+00 2.431566639428811294e-01
-1.973715057347303237e+00 -1.506643384255696105e+00
-1.352363058500360093e+00 1.445697840282835767e+00
-1.879573987178248196e+00 5.644302673055873187e-01
-8.173841965340206128e-02 -2.208855604867821842e+00
-1.987787552977020811e+00 -1.680116102662779554e+00
-3.005372353813045017e+00 -2.022586787614192527e+00
9.067645823677005223e-01 3.261032684623554334e-01
-1.787544998365254989e-01 1.849185076106775849e+00
2.580988972712384144e-01 2.834271669208657141e+00
-3.109417917165439249e+00 1.803923171646163670e+00
1.975015140376941591e+00 -1.190579067470248331e+00
-1.097592028451471302e+00 8.238205022447322445e-01
-2.408005225095858570e+00 -2.436748936446682112e+00
1.374684539840437036e+00 -7.404769304426683796e-02
7.446353072850547816e-01 -6.122553249563084110e-01
-8.447778063200893639e-01 1.395853990892548691e+00
-2.603702131311350421e+00 5.145150510367332191e-04
-2.452506329040753386e+00 -1.219104952763425814e-01
3.634414764388658736e-01 -7.369360512723850398e-01
7.357850552471464356e-01 -5.059694163937535905e-01
1.959903645623463087e+00 2.610685805703964135e+00
-6.619946442982448387e-01 -1.604628375857676703e+00
-1.322183364186675814e+00 1.337259744714690779e+00
9.716335421197868083e-01 2.464919175381269589e+00
2.134808175433119626e+00 -9.327511023462797812e-01
-2.626487473768766456e+00 8.018112522231745087e-01
-1.633445725501678769e+00 -6.668635611592615975e-01
-1.138926229977684557e+00 3.119651596924838621e+00
1.247428979680049732e+00 2.677237961290016344e+00
2.243461071238828930e-01 1.920432894859191331e+00
2.475077398973386966e+00 -5.224544906482279094e-01
-2.338629297685236086e+00 -3.030861183872806119e+00
3.526430196346928003e-01 -1.231338643081715922e+00
3.819974501049188675e-01 -8.944001986590909281e-01
-6.291071492749068517e-01 -4.876860492083309739e-01
-2.295225842402941030e+00 1.906197370557982440e+00
-1.837299263245580239e+00 2.135094565351573159e+00
-1.740661457504404819e+00 -2.544225870625850927e+00
2.394328399642830174e+00 2.772921323622682621e+00
2.442579135926588041e+00 -4.219628123110288898e-01
2.543442819503335617e+00 2.497968607886308146e+00
-2.842837771606107289e+00 3.001968013644058964e+00
-8.950410885673604211e-01 -2.405290743786054009e+00
-1.215436337670596223e-01 2.543053191505668664e+00
1.849187683240347768e+00 -4.725938088238049173e-02
1.286262513555501030e+00 6.211009387368510160e-01
-2.314619113536255490e+00 1.386091525161282423e+00
2.537626979851024256e+00 2.027301979162221546e+00
-1.376828739150114944e-01 9.281700006912487755e-01
1.704338696630426364e+00 1.785802118426497831e+00
2.287557150190012045e+00 -1.387042732396046363e+00
3.183810098446467340e-01 -2.997757969975850312e+00
-1.276072017544093717e-01 2.133369876461539139e-01
2.216061173089409309e+00 -1.091855174286202323e-01
8.843470637974663040e-01 -2.412702458205379763e+00
3.865593313226876049e-01 3.703276659713268248e-01
-2.252832379479384528e+00 -2.128939394658825535e+00
6.470779541560188752e-01 2.377364870639079975e+00
-2.026611078690340406e+00 8.524604670728643807e-01
-2.045460900496114842e+00 -2.741576218898015505e+00
-2.176208881221247893e+00 -1.714807245032200500e+00
-4.406970727141629532e-03 -2.066372486715592149e+00
2.694978395943610661e+00 1.555171009407124494e+00
1.756504525626025215e+00 -2.985353576311809753e+00
-1.752130466816110010e-01 -2.904946255185927306e+00
2.415926727508069138e+00 -1.779376941528273637e+00
-2.705039439297398096e-01 2.261113239400181385e+00
-6.215773887179469881e-01 -1.270883586017636846e+00
2.918894912844721912e+00 -2.337835972141712126e+00
7.079258714635731087e-01 2.408445900194639833e-01
1.182447892662951139e+00 -2.849556347546517543e+00
-8.584879461726931948e-01 -8.676318930823208042e-01
7.559726207565943268e-01 -2.717011668277484748e+00
1.070951622726733499e+00 1.104761574098095833e+00
-2.128290919748553112e+00 -3.076395995880000012e+00
4.148489094157126744e-01 -1.527154348767920888e+00
-3.198222342253713713e-01 6.918113525498624794e-01
-3.010202242328472444e+00 -1.149200381128945958e+00
9.864869730235430456e-01 1.052318186978069336e+00
1.608695027282326828e+00 -2.927483738377597344e+00
-3.691790333559620829e-01 2.423697781186670230e+00
-1.857493371592844777e+00 1.562149203042983547e+00
2.878644606920432114e+00 -2.215246854052763670e+00
8.164058490266207224e-02 2.349415484434518864e-01
-5.727987769530544782e-01 -1.507676661464460777e+00
2.747714398072516051e-01 -2.972319628127960911e+00
-8.078813592545394107e-01 -7.805525046395703770e-01
-3.046946975555492543e+00 -3.011415610270522070e+00
-2.918080235442888082e+00 2.201198897970774171e-01
4.271360975738270338e-01 9.022714977770278644e-01
-1.425805304325646006e+00 -1.284254245506880387e+00
-2.753334317797335729e+00 3.091176681668525550e+00
-3.067136244962162195e+00 2.776409346021502689e+00
-2.425541829454628484e+00 2.000784739646010557e+00
3.466891240143195607e-01 1.787875341721764766e+00
2.399680067555012730e+00 -2.143426201380942697e-01
-2.415744895560506811e-01 2.720426537637810505e+00
-7.534909106307492443e-01 -7.288304407737249413e-01
-1.938348856383132368e+00 -2.210656294797433308e+00
2.454347238593568736e+00 -8.895253328361723000e-01
-2.511076968783789276e+00 -9.270868523437407749e-01
-2.838037548215581296e+00 -2.744996250922177028e-01
2.113143309264955971e-01 -1.897884903408242119e+00
-6.444149465557952317e-01 -1.222727116262238178e+00
7.106696139065817874e-01 -1.676806886502594240e+00
-3.059304391358750763e+00 -2.480432944054268063e+00
1.892760523719206889e+00 -1.775916353066520514e+00
-3.046517136492040478e+00 -1.785992838507332481e+00
7.874168500761671297e-01 2.570312441548088800e-01
-2.785746667668527188e+00 -3.040365288491870377e+00
-1.151237828784461570e+00 -1.302809923747096033e+00
9.920258518788265256e-01 1.526576440479883168e+00
1.574100193410265414e+00 2.922610994277690111e+00
-2.979017060523488247e+00 2.733095827939420630e+00
-2.340096776269639633e+00 2.530786423967218202e+00
2.368145904293739168e+00 7.655403307018987524e-01
-4.733820578682171876e-01 -2.980042275256259199e+00
-2.619114946851079928e+00 2.803861172019455950e+00
-1.371496406116436528e+00 -2.114965681763361527e+00
7.919969673640682162e-01 -2.831121248665092516e+00
-1.828844948617783572e+00 1.730573309070900789e-01
-2.399608081920862279e+00 2.005466307591972086e-01
-1.402720515827275971e+00 -1.876411710375428754e+00
7.836919201707667204e-01 -1.837322019409743712e+00
1.097778189138651994e+00 -2.517098463753166260e-01
-2.606506946622020315e+00 -7.746873336192803272e-01
2.589249369229585707e+00 2.940905625010970414e+00
2.047727505339547616e+00 -2.350498709291305666e+00
-8.682473249596734943e-01 2.872557514172156878e+00
1.958369367811231720e+00 1.400812518521807437e+00
2.703004503315497242e+00 2.366731374713578084e+00
-1.093536053497417893e+00 6.527238830696192595e-01
-9.821877337520937834e-01 -2.095271906273510343e+00
-5.245127863712605309e-01 1.206560977519185451e+00
1.136523883253769629e+00 2.987452216401367711e+00
1.509685212621617589e+00 -2.046018574479371577e-01
2.828273143369692058e-02 1.989817597421512929e-01
-2.901165968406742984e-02 9.533473928522846474e-01
-3.013799236105145773e+00 1.876028344274044191e+00
5.820071992267477068e-01 -3.656376261599690314e-01
-2.779817110138310454e+00 -5.727638871953547595e-01
-3.018035699197422872e+00 1.017881302740450078e+00
-1.317691784099118468e+00 -1.186405295097847923e-01
8.315575566894103376e-01 -1.566099487884971664e+00
-2.950015895456885140e+00 -2.890409233483795859e+00
2.113366648743967513e+00 -4.291234422991165864e-01
-7.299770394820191965e-01 -7.501674500582122818e-01
3.086679013257680015e+00 2.458714036241480994e+00
-3.090816461057253939e+00 -2.159259381734329519e+00
1.231239373867536235e+00 -2.215544472426836276e+00
1.220774740841888972e+00 2.054401701078016007e+00
-2.680518321321708974e+00 1.127141709642576428e+00
2.633234792728599505e+00 2.933052963315407435e+00
2.069920608700576370e+00 1.654243538981015504e+00
6.807006721747621558e-01 2.230939985077243559e+00
-2.094752457679568636e+00 -2.881219408627687106e-01
-2.013954873128153689e-01 2.897414692711808737e+00
1.715255108427445330e-01 -1.979885314284382414e+00
-3.068635777442905166e+00 2.112594734638661986e+00
-1.025364812124505143e+00 -2.600561106567794017e-02
-1.179304299460720351e+00 -2.144026364052713074e+00
2.548452037453803332e+00 1.231563795240773196e+00
7.109584515394036519e-02 6.169082575385420597e-01
-1.748876738179739654e+00 -3.570070003424886673e-01
2.653323931748593711e+00 -3.469711132847913548e-01
7.421145359466428948e-01 -2.379263987757047616e+00
-2.175131759937060760e+00 1.067607390392670275e-01
2.593761177094101367e+00 1.417077471142476952e+00
3.050702969429829547e+00 -1.248614790221956206e+00
2.296616633630570004e+00 -7.825089706139627399e-01
1.366189430088170731e+00 2.852502131526772899e+00
-2.773750765981250588e+00 2.296633778232037404e+00
2.894254579755656254e-01 1.723006562854344059e+00
-1.929055561299155563e+00 7.349474134701349248e-01
2.985902240963935750e+00 7.272443676616850983e-01
-1.069344512844982331e+00 -2.978060289630406476e-01
-2.853846081552323000e+00 -1.202437584134607773e+00
2.573525484139803421e+00 1.035339257382349887e+00
1.911855857093704758e+00 1.300933831281528175e+00
-1.854124662744011776e+00 -2.164233435971198549e+00
-4.153181121241137919e-01 -1.478658345411788089e+00
-8.798102693283990083e-01 -1.191826977249641928e+00
2.415275695550587631e+00 1.026280982313394263e+00
6.084240386181966054e-02 -9.972490748929210835e-02
2.304267730187043117e+00 1.431322592874132216e+00
1.207400491274167154e+00 -2.579778917907897373e+00
1.750963534302134805e+00 -2.591086627093204697e+00
8.224235722610153676e-01 -2.050713205839598541e-01
2.303484493655805654e+00 -2.150938891839386358e+00
-1.826972335363806987e+00 -2.608123414921709404e+00
-1.956129929964342207e+00 -3.023641063150421804e+00
1.692338552107617966e+00 -1.478700298781070677e+00
1.876397202517121388e+00 6.663648550732681475e-01
2.836178661587743566e+00 1.314380277852624131e-02
-2.523223218258018541e+00 -2.985212478327092245e-01
-2.687327068859570289e+00 3.133158605147833953e+00
7.321888324000382919e-01 2.062992028125770538e+00
-1.365997959161356690e+00 2.312546836013716689e+00
-1.125731925575257364e+00 -1.232488794066635585e+00
9.304824101175153128e-01 2.402502900572637934e+00
1.499617654593025762e+00 -1.444069669099777631e+00
1.468579535253141444e+00 2.767504379889308641e+00
-3.062842833118597952e+00 -9.796901951045884349e-01
-1.240652714774345355e+00 4.788042555822633606e-01
-1.511574902510451235e+00 3.023018438719399459e+00
-2.234683753713600715e-02 2.933303239873811474e+00
-1.827391140170832706e+00 1.660821675889991633e+00
7.715308045808205728e-01 -3.542790061053024409e-01
5.431830945208510064e-01 -5.967237981801999380e-01
2.716572658476748447e+00 2.787197766705725055e+00
1.398452618528798208e+00 6.104718070827979126e-01
2.098498992124322893e+00 1.299256842920133659e+00
-5.541010692436580953e-01 1.705833517886403916e+00
1.997057736121861327e+00 3.042442566435733742e+00
1.170564977318344413e+00 2.126086093495386020e+00
-3.939562710014365976e-01 -1.419144927651440069e+00
-2.156194063579965459e+00 2.990963386919299527e+00
1.961580032428172027e+00 -8.144861418579947276e-01
1.005287446481900604e+00 -2.650404557201849198e-02
2.769671781634861052e+00 1.381270011037954992e+00
-2.280946568486669435e+00 -2.439940697290677640e+00
-2.450492877403340763e+00 -9.581712418684049659e-01
1.619119668478457230e+00 -3.440883706847586709e-01
-4.466264928887717089e-01 1.822666763676237256e+00
-6.923314417969844703e-01 -1.715041020724164422e+00
-1.796072868919949883e+00 9.434924310472402043e-02
-2.356721323768800946e+00 -7.593704553724357487e-01
-3.879623124643222787e-01 4.017377523592849387e-01
-2.867165335712864582e+00 -1.675126113904264358e+00
1.054792252226838256e+00 -3.386393804450564538e-02
3.468017636102245227e-01 -3.134117040394466702e+00
1.487532428573322685e+00 1.315284254869174774e+00
-3.139205748170690313e+00 -2.546929484178348080e+00
1.898162189892857343e+00 -2.361535325014034292e+00
3.024027961601947201e+00 -2.085560499868984063e+00
4.846150816824704721e-01 1.084551562267443314e+00
-2.127352272674429556e-01 -6.364069227124741213e-01
-2.646341169424675677e+00 -2.381381471015220352e+00
-3.735141561760343953e-01 2.737502442986046169e-01
-9.853194217569156699e-01 -1.985228539905044665e+00
-3.646738868692327162e-02 1.232032400751649437e+00
-1.785849352354650144e+00 1.717871954732065887e-01
2.390900977034638775e+00 -2.821443783291524898e+00
6.476185671223572138e-02 -1.172985003118699909e+00
-1.756384236197047866e+00 -8.800157192509183712e-01
-2.607544830493578658e+00 6.504411558828250284e-01
1.529479197773363497e+00 -2.117164618141744725e+00
-1.867841333529168119e-02 -1.821651089873022489e+00
-1.993450007324711226e+00 1.850504849864679890e+00
2.669100230346266311e+00 -1.799253027203325250e-01
1.384721234704080761e-01 1.751045017226602329e+00
2.206354743728854206e+00 4.397110641073349036e-01
2.673084082174544296e+00 -3.020450571740070700e+00
-9.052486423958825412e-01 -1.920676215800228182e+00
2.742767864716448845e+00 1.537242779329634823e+00
2.517995469873251846e+00 2.127374718323772562e+00
-1.989270429327820167e-01 -2.741806245480362225e+00
8.472791782640208824e-01 -7.120220836939911147e-01
9.367044763375915739e-01 -1.587598155318951321e+00
2.320065338125791410e+00 1.316905118012973386e+00
-1.535624407832182570e+00 1.581961991439549742e+00
-2.648065006209285421e+00 -2.991545858287275372e+00
-8.800098935317741677e-01 -1.451675333148362723e+00
2.951512689475653151e+00 -2.395390393794667894e+00
2.675297443840274791e+00 -3.133272043025086440e+00
2.246014375565617449e+00 -2.531336145350759903e+00
-2.461562331638600831e+00 -1.532720040806332618e+00
2.248623822321696775e+00 -2.908613437990222650e+00
2.407382954662065533e+00 -6.424384553166273548e-01
-1.359915567910871259e-01 -3.325847660236285197e-01
-2.127159093548631752e+00 -5.318433202896780676e-01
-7.639552609238135783e-02 -1.542406758916924581e+00
-2.436739631178517662e+00 1.547680513127375423e+00
2.217037529289169751e+00 2.420731888838876245e+00
-1.464859322386871110e+00 1.759291578551097635e+00
2.673117289174836930e+00 -2.150984143440834107e+00
1.463325405965994142e+00 2.037144546961898506e+00
2.405558793276020513e+00 -1.543203059385034104e+00
1.921378187983022290e+00 7.131985736926987896e-01
-3.983942706713315962e-01 -1.411424821581602096e+00
-2.888037931468546482e+00 -2.601854628590243301e+00
2.706601838667189508e+00 -1.034283382316652400e+00
7.899976513927284838e-01 2.707271566689111619e+00
-1.033244263080263625e+00 -2.356417837268194315e+00
2.727945012732738150e-01 -2.799711148005032513e+00
-3.119971570033269082e+00 -1.528619417926048163e-01
-9.796417526932440500e-01 -1.536399711070878249e+00
1.569942177092934710e+00 -2.860022703344882622e+00
-7.937964707042681478e-02 1.093475874250635416e+00
2.934093611966147597e-01 -6.024681438546509726e-01
1.101013570150136234e+00 1.293316931818199400e+00
-1.764426423057571913e+00 -2.198843067084507386e+00
-5.462906020088835746e-01 -3.991591199817450253e-01
1.952097768614323436e-01 1.404792247530744831e+00
1.968732449815949304e+00 1.419519471701033098e+00
-4.635616438970056596e-01 -9.310492448381967323e-01
7.684173499423587739e-01 -1.082875408598551692e+00
-1.716430012920796333e+00 2.209817339915309375e+00
2.247268174420258280e+00 1.665649106033606275e+00
2.965928453128864550e+00 8.004053772191611626e-01
6.396960209313327095e-01 -7.579969974850281345e-02
-3.077537788809878161e-01 -1.034569809274861640e+00
8.062183573753063659e-02 -6.321411896259635510e-01
2.025472776435931710e+00 -3.055642913389084114e+00
-1.840140430990457321e-01 7.187010975853177497e-01
5.065391340768080619e-01 3.303720099975133162e-01
-1.288789122272360199e+00 2.077108611223421164e+00
-2.273137554188306986e+00 -5.005786528864470952e-01
5.748346053575338344e-01 -3.293530432937093466e-01
1.416791651976444966e+00 -9.979968648485698646e-01
9.753701694536996980e-01 9.970104628099435429e-01
-2.519228906288284442e+00 2.638455098869391779e+00
5.438200070341564496e-01 1.547189888773650157e+00
-5.556484802296862008e-02 1.290250687405902319e+00
-2.674869784789873250e+00 -1.980297587787581470e+00
2.379052071567340665e+00 3.054329688265402520e+00
1.868168675393075961e+00 2.041467507473043952e+00
-8.393254517243362578e-01 6.296660373090536833e-01
1.484624190773094488e-01 -2.860336098675359207e+00
-3.073308718296952513e+00 2.180423342971673950e+00
-2.905495108736276144e+00 2.457327422904122649e+00
1.731503953931932793e+00 1.950983964195317721e+00
9.557476615703119904e-01 2.432819222560699934e+00
2.336437964665778022e+00 -2.790616532505870939e+00
4.670904851628883692e-01 8.886815151494481535e-02
-3.124850446543823601e+00 -9.572621611165083033e-01
1.599540031888137870e+00 -4.905919781958065773e-01
1.144894204180222919e-01 -2.824105244923337921e+00
-3.092456860521943796e+00 1.684026342994964454e+00
2.989806456172126037e+00 -6.133017043828228182e-02
-1.945234414327753902e-01 2.407679099135261680e+00
2.065719871723401990e+00 -1.924819925527673448e+00
1.133084465195261181e+00 -1.948085599678236912e+00
1.327011289687436979e-01 2.728844333841405678e+00
-2.801006548100692384e-01 1.251347607962320918e+00
1.004973884564235975e+00 -2.099879743811137456e-01
2.983140545625790827e-02 4.001814714802537920e-01
2.908088188922858475e+00 3.048283505356938150e+00
-1.082815476627751322e-01 1.386891952597602895e+00
-1.612364025383171029e+00 1.847093948304653566e+00
7.203426330627026308e-01 -1.077394609770065070e+00
-2.146883389466147651e+00 2.307597589167306396e+00
-2.267415273433380118e+00 5.236926236134744617e-01
1.994228314082913678e-01 1.233445856649499461e+00
1.101748549361664109e+00 -8.772997371134060307e-01
-2.838647089513620436e+00 -1.443319917909582084e-01
-2.409201231810794930e+00 1.683781574171039130e+00
-1.459270685926630673e+00 -2.039465479305869078e+00
2.227875629753464093e+00 5.101883480483968558e-01
1.713617053432870962e+00 -1.737516930334875642e+00
-3.030971723351872704e+00 2.616548404406205286e+00
1.807839807462344739e+00 -5.142163989518953038e-01
6.462594790883480211e-01 1.957439485705831039e+00
5.683410754793583042e-01 -3.677737018867097141e-01
1.576658928352507205e+00 -3.121188467458863691e+00
-7.950638082311057842e-01 2.192158894067777197e+00
-1.944395140702957381e+00 -2.217841293559334126e+00
1.918054070539223277e+00 1.569201675168352850e+00
-2.224088840733240868e+00 1.443647258991200166e+00
2.387348793149026260e+00 1.233681095983251819e+00
-2.873278127437591145e+00 -2.519584713811610643e-01
2.476348483751966700e+00 3.097068291080141034e+00
-1.384167423331099211e+00 -1.560649215849929661e+00
1.888849741161279905e+00 2.978178824499222888e+00
7.837571939541424504e-01 -2.591561606067934953e+00
2.779234192256426095e+00 -2.612931843555025502e+00
9.241167238130448824e-02 -1.263780545666037813e-01
-2.317327291369505993e+00 -2.083296122505179593e+00
2.976582248061974578e+00 1.506516020887887386e+00
-2.833722424103841675e+00 9.548970876135369490e-02
-1.191327044311189187e+00 1.374020406946750983e+00
2.008431478278112525e+00 2.862114323618222489e+00
5.539927844826804115e-01 2.471932879265468230e+00
-2.953148908410211604e+00 -1.179189015670651486e+00
-1.998332691566478275e-02 -1.347386646200043225e+00
-2.751810643696011915e+00 5.598064765225192474e-01
3.730868228311875479e-01 -3.015255077757610369e-01
1.270579420270212756e+00 -2.969077261672155910e+00
2.922985724301499832e+00 -2.535868690595127095e+00
2.717815334461764376e+00 2.545046754051844662e+00
5.502195475804017022e-01 -2.202250445354497987e+00
2.782825668539377961e+00 -8.084806792726474400e-01
-4.903526069996572700e-01 -2.048720742479438695e+00
-2.017828678605161130e+00 -1.878763901365749223e-01
-2.210939904245875276e+00 -1.877904289566484808e+00
2.113459893371147924e+00 -1.120161649337437781e+00
-2.012067702390827328e+00 2.829920512919840148e-01
2.394166874331612238e+00 -2.056495887868636352e+00
-1.077693720040108882e+00 -2.169253111709760429e+00
-2.533206335686569055e+00 6.392892925912831981e-01
3.677794421530395930e-01 -9.903085689609083531e-01
-2.904178127368417073e+00 -2.424226282912835373e+00
2.024727713775801075e+00 6.178136127896369789e-01
-1.113231961547938909e+00 -2.548038241219838795e+00
-2.496243843790166395e+00 3.005975428942468941e+00
-1.849128703062837165e+00 1.465826730578532855e+00
1.479684480492203358e+00 1.241311780574970713e-01
2.150213089215869733e+00 2.296926969931966767e+00
2.769060456820655158e+00 -2.388546124580168240e+00
-1.039771432127194473e+00 2.068921813488183936e+00
9.992256630707179177e-01 1.930537918248412144e+00
-6.383423524331960364e-01 -1.563751354757792811e+00
-1.731908618060016281e+00 -1.516606067992608997e+00
3.660983794234812239e-02 -1.767046370394173005e+00
2.623197872460463653e+00 6.357449673854417282e-01
-2.857406163920090392e-01 -3.040018950267180831e+00
2.831631160960646487e-01 -2.778432960008390129e+00
4.846597531466166342e-01 -1.603440446786860152e+00
-2.992490099003905613e+00 -6.083523128981798145e-01
-1.863735305351783555e+00 2.318739580868817818e+00
-2.802139790881560621e+00 2.693372031125488064e+00
-2.534957687280256500e-01 -1.679071365361684887e+00
-9.424971838515058264e-01 -2.119717897388839756e+00
2.226715176115260153e+00 -2.777985342411418479e+00
-5.051835541348767000e-01 2.199992191262218011e+00
2.180584885770751935e+00 1.227434993610678982e+00
1.782631152084687587e+00 1.154895779150474588e+00
1.448060118946734809e+00 5.126029318660044742e-01
-1.534545018499757330e+00 5.101999869347685346e-01
-2.337696814660467748e+00 -9.688783356054412321e-01
1.492247717724032086e+00 2.410686980374379562e+00
-6.293505289491889698e-01 3.816383064733193109e-01
1.394593137872740529e+00 -6.507766988107738237e-01
-2.302733857210157442e+00 1.402849763985333453e+00
-1.339313114122352655e+00 1.684675481027759103e+00
-8.114727264727654432e-02 1.222065967703708012e+00
2.968237833606980569e+00 -2.041968630433442511e-01
-1.840435510164450950e+00 7.071102158814160932e-01
-5.179055832625039102e-01 -1.745699834625317193e+00
1.977300151424258745e+00 -4.266990118985966585e-01
1.722633489071177637e+00 -2.086009383233554004e+00
4.247366731251185912e-01 -8.876468917824621441e-01
1.706564683163400931e+00 1.523340068509614786e+00
-2.121228609836543821e+00 -2.048770933981416409e+00
2.353942392745191459e+00 -1.879480801676808532e+00
-2.607366471323672719e-01 2.879788109429543219e+00
1.277951261848608633e+00 -8.133858545110932425e-01
1.491721929152247217e+00 -1.920228765090660428e+00
-1.136823536402813861e+00 -6.605023181747501360e-01
1.542215064013916281e+00 -1.550662781387957434e+00
-1.228246029317344501e+00 -3.014104176516342104e+00
-3.103706600106176161e+00 3.133350471607425192e+00
-2.628471626594116373e+00 2.850854757543222373e+00
-3.028215703325195740e+00 1.360112506249147590e-01
-2.165065510921533320e+00 -2.920792725340462859e+00
1.859886851102270144e+00 2.657619207403699946e+00
6.218676155165476366e-02 9.898127764192489186e-01
2.175072196205157571e+00 7.481369794350671842e-01
1.685598165184236885e+00 2.823361119573946532e+00
1.548503143220477218e+00 2.507811116064670998e-01
-1.138122275351546531e+00 -8.432104362475298376e-02
-2.677090656251602141e+00 2.375803879924724082e+00
-2.290444415975223080e+00 2.400862866888799907e+00
1.638380225202619167e+00 3.212360203425579375e-01
-2.578418704600688116e+00 2.680861339671240628e+00
-2.308732470969553141e+00 9.893150038167769500e-02
2.033682862733698027e+00 1.890838747964809219e-01
2.185829485315085474e+00 2.130623319481885769e+00
2.612636854033402845e+00 -1.124885277052003030e+00
-9.888142775784634075e-01 2.882857868056760697e+00
-2.811714125561051603e+00 9.324610921709672318e-02
1.847257152040868045e+00 1.025541704949323840e+00
6.354781073210841180e-02 -1.634113732163722910e+00
-1.495280192652029161e+00 -1.644348945569186871e+00
3.094021485147420147e+00 -1.542378067725797219e+00
-2.185074488336620657e+00 2.209603857421399198e+00
2.929547188889717102e+00 2.213421337693390001e+00
-8.803024643750860523e-02 -1.243595260793982638e+00
7.487958365259624882e-01 2.501574112337070499e+00
-1.389919873842357045e+00 -1.714109468669900549e+00
-2.606357023798750561e+00 -2.631881756113363391e+00
-2.183698494323146555e+00 2.289226287896945600e+00
-2.266190867464943359e+00 5.026957909747969966e-01
9.885846498392619752e-01 7.296372592481190633e-01
-1.516250684258079851e+00 -6.939230070116485516e-01
2.986709929388440821e-01 2.842139246414769005e+00
-2.894525532507664423e+00 -3.767059287692323816e-02
-1.937854782755479732e+00 2.286431960101880989e+00
-2.204000361804450581e+00 1.570509214568411194e+00
-2.171260836815180006e+00 2.202503503825124387e+00
-3.531997044957645437e-01 2.155673523541748793e+00
1.046972068979097115e+00 -2.278554855573331928e+00
-1.024718811786625050e+00 8.003247298798311926e-02
-2.999681503254701953e-01 -1.487427020071634187e+00
-2.008781398072424729e+00 2.616410254732767893e+00
1.687805047170601314e-01 2.715838950852308642e+00
1.652364807074594155e-01 3.022934794132928538e+00
-4.722190163669077179e-01 2.822485058078560538e+00
4.817664193600755262e-01 3.125701843725693596e+00
-9.551117808808634591e-01 2.173380880528486436e+00
2.676528864649204476e+00 2.848457786375616863e+00
2.500680205600312345e+00 2.542499326881231703e+00
8.906599925117463235e-01 -3.026970276033191354e+00
-5.072424363008710690e-01 -2.367070150792297767e+00
-2.282128836569282893e+00 1.514502801702798163e+00
1.448368102936708479e-01 -3.088580484163972795e+00
2.076737826219595018e+00 -2.547065601066707874e+00
-2.869112081433121020e+00 1.064894012140074481e-01
1.866738187038590735e-01 -3.012826695969203605e+00
9.004884119119510588e-01 1.503523807541521817e+00
1.107248943726748314e+00 2.541790660633574284e+00
3.897203610188167966e-01 -1.089943135114920025e+00
-9.145043131542882620e-01 2.049798708244300549e+00
3.136637443202276554e+00 3.036141475481002328e+00
6.848738074048447144e-01 1.554532531599097100e-01
1.341697510610178057e+00 1.939938981266507101e+00
2.251261683528218871e+00 -2.263699134408251989e+00
-5.364302462296900442e-01 1.980219831296316180e+00
-5.049268378534076396e-01 1.293063867095664232e+00
-1.728550849217051599e+00 1.826243497330942933e+00
-1.067071660823964763e+00 -2.866495523467034734e-01
-2.841892574238497060e-01 5.453919342119279978e-01
-2.925321147265323773e+00 2.911362692060239343e+00
2.876639520526685256e+00 3.668557351995799798e-01
2.662313336820395282e+00 -2.898695759922480963e+00
3.015738714212474303e+00 9.175695969438245614e-01
-2.767289565436200860e+00 -2.299112975344715704e+00
3.580639248252242557e-01 1.661258251573495270e+00
-3.026298657365718903e+00 -1.942035886998956906e+00
-1.552661910277643442e-01 2.181183021555846313e+00
-2.964516929019073821e+00 2.619138637226709962e-02
9.559055721036776587e-01 1.852878102868435573e+00
